0.0343974568
0.0149097107
0.0141584612
0.0396774374
0.0610372424
0.0517556556
0.0072333873
0.0692509711
0.0407890938
0.0087335082
0.0572298653
0.0228751004
0.0256588776
0.0204597283
0.0169096347
0.0290584099
0.0382745899
0.0096796686
0.0153683713
0.0266968086
0.0921570212
0.0329771563
0.1083318442
0.0178097114
0.0218092725
0.0316227823
0.0451564752
0.0914550200
0.0109868022
0.0465406291
0.0481870249
0.0999669954
0.0312717222
0.0691949576
0.0156362057
0.0301893223
0.0490108654
0.0001009133
0.0147611713
0.0067900568
0.0164030716
0.0178877581
0.0521146990
0.0758501887
0.0856740177
0.0248281434
0.0301325433
0.0878797621
0.0010041284
0.0075867525
0.0247687660
0.0110096605
0.0947528854
0.1964500993
0.0418397896
0.0831931904
0.0159173682
0.0043361480
0.0410192683
0.0212526768
0.0187884998
0.0215024631
0.0374191627
0.0561713763
0.0058169370
0.0257074498
0.1670526713
0.0082256580
0.0569902919
0.0485266522
0.0525425337
0.0498328730
0.0301904865
0.0074346163
0.0280104354
0.0135178789
0.0257159304
0.0249859076
0.0173481200
0.1372849047
0.0029115607
0.0275445245
0.2154522687
0.0549682453
0.0232697967
0.0366642848
0.0178927016
0.0519691445
0.0154438987
0.0439263396
0.0888326392
0.0136915129
0.0262454823
0.0308839437
0.0918633789
0.0582652800
0.0355310291
0.0710782036
0.0184170939
0.0241952054
0.0151232276
0.0793693736
0.0215050392
0.0700385571
0.0058250632
0.0261427630
0.0094860094
0.0234272201
0.0360267237
0.0078364899
0.0462971628
0.0209890269
0.0093095414
0.0566563122
0.0089437040
0.0427302904
0.0303413626
0.0363426991
0.0811200887
0.0310456418
0.1510800570
0.0377400145
0.0708563700
0.0809638500
0.0135965198
0.0401476212
0.0437901355
0.0345371775
0.0219871625
0.0160114076
0.0280977283
0.0286413636
0.0281377025
0.0076369974
0.0095495172
0.0108809629
0.1403046548
0.0556483977
0.1280201524
0.0311959349
0.0228659306
0.0531743541
0.0493907370
0.0854071155
0.0157939140
0.0110391900
0.0079972120
0.0128641352
0.0482685566
0.0207984820
0.0336298123
0.1146322340
0.0206360277
0.0677174777
0.0258493647
0.0208097938
0.0376425982
0.0301878620
0.0161193144
0.0246100836
0.0298036616
0.0051575135
0.0255201589
0.0099741351
0.0105096893
0.0509697609
0.0437054299
0.0000000002
0.0364707708
0.0190581363
0.0261424761
0.0246456210
0.0073005278
0.0289950706
0.0170669984
0.1022265255
0.0263790451
0.0964481011
0.0505897403
0.0031600255
0.0695798844
0.0124649815
0.0238331296
0.0497995690
0.0290558822
0.0571243465
0.0394288637
0.0775838941
0.0293566436
0.0101890201
0.0693146661
0.0168313049
0.0175814442
0.0125422804
0.0100305555
0.0050685685
0.0043258541
0.0676028579
0.0049760542
0.0084495647
0.0500103720
0.1271733195
0.0009851590
0.0131194694
0.0178064238
0.0317285471
0.0081477240
0.0788245499
0.0476110913
0.1226565614
0.0223472770
0.0647052079
0.0182301831
0.0215750672
0.0536389686
0.0071273954
0.0970584229
0.0486270450
0.0615906268
0.0885293186
0.0215837918
0.0256025847
0.0614730306
0.0536470450
0.0282630343
0.0135871973
0.0301623195
0.0427186787
0.0235992242
0.0109452633
0.0941295251
0.0133093707
0.0510645136
0.0577619560
0.0525153615
0.0057334588
0.0629744381
0.0198592898
0.0301779620
0.0000000003
0.0133605348
0.1303587407
0.0090315389
0.0142389676
0.0102274092
0.0234529041
0.0552404746
0.0156329907
0.0246977713
0.0219927337
0.0272805262
0.0799770653
0.0068347445
0.0169802159
0.0090170065
0.0154456748
0.0393126719
0.0225621015
0.0558591895
0.0113808466
0.0141883772
0.2027206421
0.1215020418
0.0190932006
0.0161203742
0.0150224566
0.0654602945
0.0884692222
0.0765328556
0.0467934608
0.0681084991
0.0203373209
0.0156166656
0.1015357003
0.0072408589
0.0164184719
0.0142106833
0.0545688383
0.0615649149
0.0827315003
0.1069979668
0.0291730780
0.0910702422
0.0096978508
0.0656107962
0.0374123976
0.0139036411
0.0058906106
0.0355674364
0.1076990589
0.0151998233
0.0168815404
0.0056751473
0.0779530406
0.0119249616
0.0653887466
0.0564080477
0.0208688378
0.0366570354
0.0131491851
0.0327200294
0.0235205665
0.0340884849
0.0156165631
0.0768079981
0.0418401621
0.0498699732
0.2118059397
0.0216136239
0.0560057275
0.0265572574
0.0254405811
0.0917174816
0.0087343864
0.0130743654
0.0277321450
0.0394146182
0.0436113961
0.0008496139
0.0798541084
0.0662256926
0.0415797457
0.2422645539
0.0063920813
0.0400890112
0.0474397689
0.0652603805
0.0135279223
0.0407356396
0.0021559526
0.0376199745
0.0369054712
0.0211396609
0.0161934718
0.0242668316
0.0290143415
0.0195807237
0.0764260590
0.0098959245
0.0704133213
0.0200634338
0.0713374689
0.0305464491
0.0308160055
0.0005056483
0.0187244881
0.0551036485
0.0218371004
0.0052990038
0.0223866813
0.0082763284
0.0215559360
0.0484773405
0.0317109302
0.0061772852
0.0337086618
0.0142279621
0.0081895208
0.0272099953
0.0279873610
0.0268635415
0.0364621431
0.0696749315
0.0220431834
0.0505046435
0.0397958755
0.0010055337
0.0051115653
0.0174174961
0.0087728789
0.0519751497
0.0024996246
0.0003738405
0.0169293266
0.0180925019
0.0715747550
0.0354690589
0.0214791577
0.0427457653
0.0209522601
0.1492734998
0.0140953399
0.0185018182
0.0175043494
0.1896122247
0.0480168983
0.0495598279
0.0023379906
0.0290884599
0.0675431117
0.0285121109
0.0165050570
0.0721881688
0.0034913355
0.0084618386
0.0201337785
0.0307647642
0.0123902485
0.0050050099
0.0051699206
0.0640916303
0.0260963757
0.0697254241
0.0614862554
0.0141065093
0.0541785173
0.0368998125
0.0552249327
0.0321400352
0.2508070469
0.2912027538
0.0105702197
0.0666694343
0.0408381149
0.0240813009
0.0190073512
0.0962623656
0.1298944205
0.0353578180
0.0056494735
0.0340267085
0.0447856858
0.0636879504
0.0453654528
0.0254691355
0.0696944371
0.0560765825
0.0424530171
0.0445767269
0.0182453115
0.0114325192
0.0263934955
0.0182983559
0.0136172874
0.0314987488
0.1296977997
0.0371803120
0.0362788104
0.1195485517
0.0816586018
0.0074177030
0.0141254943
0.0795494094
0.0101859337
0.0518419966
0.0163684934
0.0536934026
0.0053143618
0.0564772002
0.0466088727
0.0145031437
0.0631729513
0.1077335477
0.0275752693
0.0233529396
0.0299524479
0.0267752390
0.0363990366
0.0251256432
0.0116025116
0.0669207722
0.0019616438
0.0260826182
0.3940486908
0.0124193225
0.0309309047
0.0083673671
0.0380438492
0.0364213958
0.0174460895
0.0598664880
0.1231990308
0.0241701063
0.0528923273
0.0137620727
0.0733597800
0.0491423644
0.0106972149
0.0344681591
0.0564229786
0.0553857274
0.0669232830
0.0282190721
0.0058045131
0.0271944702
0.0223914608
0.0407775082
0.0729535744
0.0591206141
0.0243029483
0.0686047375
0.0271653254
0.0712023824
0.0094875228
0.0254164282
0.0242032632
0.0224962831
0.0000000000
0.0444156453
0.0926347598
0.1105837151
0.0317487121
0.0519075505
0.0365995355
0.0820402429
0.0247727763
0.0367434174
0.0294025410
0.0235575773
0.0384289809
0.0180099979
0.0549453646
0.0273416955
0.0638925433
0.0342786238
0.0207108222
0.0324382484
0.0178373642
0.0293473992
0.0611229539
0.0134566091
0.0098837977
0.0143106533
0.0152736958
0.0493129157
0.1716473699
0.0628682449
0.0162720717
0.0668535829
0.0567899011
0.0205868203
0.0928587839
0.0355351120
0.0946942568
0.0223660879
0.0440436676
0.0341200903
0.0607267655
0.0521912239
0.0316892155
0.0351821370
0.0350197665
0.0170441344
0.0274860207
0.0759820566
0.0297994837
0.0488927439
0.0084832376
0.0352091268
0.0103538847
0.0126607707
0.0055298153
0.0237622801
0.0211199280
0.0116813984
0.0193692949
0.0286239367
0.0349162221
0.0675092340
0.1266389489
0.0099754957
0.0285789985
0.1026113033
0.1048851609
0.0358164869
0.0150754023
0.0712942481
0.1127686352
0.0428405926
0.0053995959
0.0547046773
0.0485661328
0.0429908931
0.0557846464
0.0161544643
0.0180036668
0.0500005446
0.0451789834
0.0623310320
0.0291022193
0.0025573047
0.0191318244
0.0633530989
0.0094164927
0.0213008355
0.0792596564
0.0381637551
0.0244780723
0.0126161184
0.0373450741
0.0248464178
0.0042478917
0.0684770942
0.0124464054
0.0425641686
0.0322854370
0.0186549649
0.1035734862
0.0413934030
0.0357443988
0.0498888195
0.0759445056
0.0391558148
0.0261271037
0.0045780931
0.0480972603
0.0054883449
0.0233076494
0.1038153991
0.0573862977
0.0589548275
0.0177038629
0.0017642179
0.0738428310
0.0262578651
0.0507513806
0.0033424334
0.0211043470
0.0714605749
0.0173674282
0.0264155287
0.0835537836
0.0398470573
0.0195544083
0.0133881364
0.0254229605
0.0321996324
0.0240949150
0.0183506683
0.0478881374
0.1147271395
0.0340532139
0.0371321365
0.0254474003
0.0625290871
0.0340223834
0.0428446680
0.0259674937
0.0237316135
0.0872001946
0.9591701627
0.0497298054
0.0256933942
0.1953643113
0.0131154684
0.0345828012
0.0145425629
0.0086326329
0.0357587002
0.0758241415
0.0237937588
0.0340393372
0.0208416209
0.0328527018
0.0259011127
0.0327740386
0.1046564281
0.0414290056
0.0249466375
0.0878157243
0.0194750689
0.0278996564
0.0355184153
0.0278458223
0.0580522120
0.0526652075
0.2757739425
0.0128483530
0.0377795510
0.0342693180
0.0530177690
0.0260083377
0.0147390449
0.1169091314
0.0194867011
0.0257490017
0.0149745764
0.0255851969
0.0206398666
0.0835612640
0.0743822157
0.0640691668
0.0728559569
0.0506195016
0.0143238613
0.0994660333
0.0720327869
0.0699155107
0.0205048677
0.0134053044
0.0706906393
0.2373723537
0.0316848569
0.0585983396
0.0019073715
0.0353309624
0.1457013488
0.0768099055
0.0272660907
0.1977314800
0.0175532922
0.0191730522
0.0847112760
0.0266382899
0.0598742999
0.0522193015
0.0904314891
0.0545105338
0.0109190568
0.0471159033
0.2305260599
0.0297033526
0.0970278233
0.0364735983
0.0126197897
0.0092224451
0.0226084646
0.0598741248
0.0332632139
0.0143608507
0.0589379668
0.0137684811
0.0325915031
0.0670278668
0.0177164972
0.0153707089
0.0468214266
0.0305895638
0.0209452249
0.0244407821
0.0400577001
0.1570455432
0.0473014712
0.0284548178
0.0162444338
0.0360816717
0.0528062917
0.0724538863
0.0000000002
0.0033289304
0.0113877049
0.0518457256
0.0371463522
0.0137746464
0.0242108889
0.0670174882
0.0327781886
0.2952255607
0.0313377641
0.1624533385
0.1015666649
0.0595296659
0.0652050450
0.0110804029
0.0436375104
0.0119738234
0.0337965116
0.0203912817
0.0092695625
0.0270858575
0.0164476056
0.0266287681
0.0349481590
0.0576463155
0.0323252492
0.1065313891
0.0652156398
0.0215790737
0.0044014500
0.0898430198
0.0125436317
0.0183395501
0.0502218232
0.0252266731
0.0148910666
0.0170573704
0.0062302789
0.0260410868
0.0131060351
0.0332229324
0.0195892118
0.0363767669
0.0424409769
0.0381090753
0.0389483683
0.0000000036
0.0085618636
0.0603194237
0.0345325842
0.0204703808
0.0611286126
0.0000000000
0.0685101748
0.0115418937
0.0152484784
0.0093672238
0.0619038679
0.0470152348
0.0147541212
0.0317651182
0.0586528927
0.0157130565
0.0098993815
0.0530202948
0.0179906208
0.0146838687
0.0620074198
0.0080205025
0.0275194924
0.0456880406
0.0112656914
0.1725033969
0.0016176602
0.0673221722
0.0241862927
0.0163254645
0.0329565071
0.0240545925
0.0244811885
0.0000000007
0.0028040374
0.0253508016
0.0757367089
0.0076566455
0.0200544819
0.0168168638
0.0243604574
0.0204069726
0.0494082011
0.1170667335
0.0041181012
0.0073260441
0.0297333077
0.0158709157
0.0597673580
0.0141230375
0.0101222377
0.0169377495
0.0528169535
0.1100114360
0.0245893504
0.0181670114
0.0878213570
0.0274465736
0.0352931060
0.0421013199
0.0340518802
0.0525031909
0.0274251923
0.0691917166
0.0401469059
0.0136049362
0.0319890529
0.0459993519
0.0074104671
0.0618507452
0.0141700469
0.0333648771
0.0180556942
0.0039332113
0.0241164453
0.0133137051
0.0232881214
0.0028361629
0.0283235963
0.0619404726
0.0264273118
0.0354025550
0.0126260370
0.0190619379
0.0045993640
0.0214045737
0.0297200456
0.0176469591
0.0004651257
0.0310007147
0.0208990220
0.0044734525
0.0788210258
0.1464808434
0.0229418371
0.0349522121
0.0155718243
0.0536723733
0.0042662262
0.0585503094
0.0209989008
0.0748309940
0.0446159169
0.0194198340
0.0000892712
0.0158137754
0.0043551535
0.0126021923
0.0400089882
0.0219161566
0.1332090199
0.0012035405
0.0156637076
0.0600016974
0.0334867090
0.0932987630
0.0498825349
0.0321042612
0.0148719111
0.0387687199
0.0260130204
0.0073749521
0.0189210624
0.0307698883
0.0281955693
0.0436032228
0.0515696146
0.1148090884
0.0784167796
0.0233313795
0.0063517205
0.0213684291
0.0152925244
0.0224565361
0.0165815577
0.0096690161
0.0182716250
0.0011813595
0.0042143413
0.0409377292
0.0101244077
0.0269513112
0.0275541022
0.0268031359
0.0407780111
0.0476630740
0.0457828864
0.0387123041
0.0582209863
0.1006543189
0.0056565125
0.0930982158
0.0453143716
0.0496114306
0.0195785817
0.0786313042
0.0144631984
0.0229093339
0.0173921250
0.0059428378
0.0529675633
0.0710946098
0.0635037422
0.0723319948
0.0161284823
0.0115244007
0.0193594173
0.1014003977
0.0725482926
0.0363347679
0.0193840675
0.0372494683
0.0096031735
0.0761746466
0.0199197996
0.0198000725
0.0215204917
0.0184125733
0.1041601822
0.0773147792
0.0277369246
0.0008827901
0.0180739723
0.0106916390
0.0243090931
0.0638356432
0.0069188927
0.0552518740
0.1060481742
0.1521374434
0.0551197641
0.0178464483
0.0138265844
0.0440486744
0.0110347923
0.0210721716
0.0460245237
0.0737909153
0.0858801603
0.0287044849
0.0179807190
0.1054832861
0.0178519897
0.0008475794
0.0940600708
0.0242972020
0.0105614159
0.0504317619
0.0416458175
0.0718940943
0.1060451716
0.0201930869
0.0143505679
0.0173960701
0.0382681750
0.0312899835
0.0158230402
0.0421283692
0.0905069187
0.0600403212
0.0469739251
0.0271985866
0.0649916008
0.0105348006
0.0703346133
0.0045099701
0.0159959234
0.0188448876
0.0974439383
0.0102557773
0.0481403768
0.0647286400
0.0136430329
0.0061859740
0.0016111910
0.0097437808
0.0232351925
0.0276259370
0.0398817323
0.0381927229
0.1451466531
0.0512355231
0.0586928986
0.0461163931
0.0131884478
0.2077565938
0.0105781918
0.0047402480
0.0674936101
0.0526025295
0.0378971882
0.0897396654
0.0204688068
0.0110537186
0.0092293369
0.0072006094
0.1273053586
0.0433607735
0.0096373837
0.0553159080
0.0476644561
0.0450329483
0.0151258400
0.0698472634
0.0341025777
0.0065375613
0.0643956140
0.0015894013
0.0188936088
0.0056184880
0.0517677963
0.0226129238
0.0132620521
0.0198916402
0.0047634528
0.0026504819
0.0207036715
0.0292148497
0.0638283491
0.0440929346
0.0000000001
0.0146970106
0.0346959941
0.0042280285
0.0197676886
0.0073307273
0.0788139254
0.0462408662
0.0268709268
0.0510169454
0.0183620900
0.0554816797
0.0675595030
0.0176468268
0.0231162813
0.0309665520
0.0402970053
0.0183781702
0.0450553484
0.0458712913
0.0234997682
0.0184482671
0.0274063367
0.0098714214
0.0482569486
0.0102639850
0.1761955172
0.3419957161
0.0041062832
0.0624899939
0.0225663781
0.0999978483
0.0121834595
0.0183944739
0.0757387131
0.0174234137
0.0000093060
0.2000489235
0.0262976214
0.0962506458
0.0311037321
0.0485901497
0.1532774866
0.0455045626
0.0181933716
0.0661811829
0.1009505019
0.0839916915
0.2057523727
0.0647406802
0.0368599072
0.0141183836
0.0159210190
0.0037769184
0.0477688834
0.0425069369
0.0145114129
0.0108610988
0.0202854723
0.0505265109
0.0651828125
0.0452339165
0.0658982918
0.0528465696
0.0257508922
0.0034568501
0.0537684411
0.0256124809
0.0388403945
0.0207406357
0.0225047003
0.0190038346
0.0565975197
0.0278859604
0.0121521493
0.0305938553
0.0058237184
0.0020226461
0.0119534414
0.0355353579
0.2235626280
0.0829338729
0.1192088723
0.0254728775
0.0124809584
0.0541411005
0.0492951162
0.0814003199
0.0194548648
0.0116430037
0.0425361730
0.0885549262
0.0327297561
0.0780914128
0.1634064466
0.0402722247
0.0891980678
0.0153325656
0.0356668681
0.0282010902
0.0206239782
0.0126217157
0.0822168440
0.0273817070
0.0187651087
0.0345530510
0.0673079714
0.2009160072
0.0028775241
0.0588807724
0.2227589339
0.0969901755
0.0251884051
0.0282592047
0.0347824506
0.1010040566
0.0211756080
0.0055142506
0.0671993047
0.0059633520
0.0541897342
0.0473993830
0.0803524628
0.0198329948
0.0608202852
0.0501549467
0.0321925841
0.0234324299
0.0428847820
0.0561982356
0.3017582297
0.0334152915
0.0112177143
0.0509903505
0.0284567494
0.0242038984
0.0306234118
0.0148570873
0.0222683642
0.0260867309
0.0259246323
0.0294650253
0.0227494594
0.0341485552
0.0445983373
0.0217619054
0.0302088950
0.0320721269
0.1567240953
0.0045996979
0.0161894616
0.0490679629
0.0260504074
0.0326601975
0.0531216338
0.0457597375
0.0226775464
0.0193457790
0.2203290612
0.0234658439
0.0136897741
0.0312075820
0.0193130169
0.1130311042
0.0139267240
0.0566145591
0.1910094470
0.0092852619
0.0119033847
0.0297398139
0.0238903761
0.0128062554
0.0736294985
0.0344559252
0.1161348224
0.1209103316
0.0335702226
0.1573501378
0.0238478240
0.0183479059
0.0180179141
0.0904758275
0.0226838663
0.0091684395
0.0587714650
0.0208557844
0.0133386459
0.1004791111
0.0194518548
0.0100074317
0.0914136246
0.0211118236
0.0312058143
0.0163610112
0.0616000779
0.1096041948
0.0422906280
0.0153400321
0.0474780947
0.0366173498
0.1662523001
0.0064035268
0.0508699417
0.0838936642
0.0027019547
0.0939057320
0.2457945794
0.0142674008
0.0036074352
0.0073511414
0.0950990990
0.0179014094
0.0174082760
0.0069312491
0.0136070298
0.1242370680
0.0104952492
0.0420919359
0.0578000285
0.7147519588
0.0685075372
0.0246741027
0.0190747809
0.0541017726
0.0476593487
0.1039906815
0.0637299791
0.0930141509
0.0170157664
0.0069822562
0.0068774140
0.0385146774
0.0168072712
0.0574696139
0.0841533616
0.0111689055
0.0633147135
0.0676473752
0.0210172646
0.0495484397
0.0338522829
0.0314014889
0.1018707603
0.0436460450
0.1121449322
0.0149193797
0.0322182961
0.0728481188
0.0139588015
0.0101420088
0.1637494266
0.0130503047
0.0142155020
0.0114804842
0.0209258255
0.0417718738
0.0379416011
0.0696509853
0.0690707639
0.0121201305
0.0088083902
0.0083837742
0.1997317672
0.1387601495
0.0057029645
0.0881416798
0.0075679095
0.0654963851
0.0467943437
0.0112575460
0.0898045450
0.0147017054
0.0663339645
0.0901831388
0.0810365081
0.0241195783
0.0136288777
0.0128456801
0.0112928636
0.0169319771
0.0433328971
0.0169086810
0.0552614070
0.0123841055
0.0238243919
0.0224351492
0.0007534376
0.0203478653
0.0608583950
0.0291813985
0.0119972676
0.0495095402
0.0588756613
0.0195430443
0.0039548287
0.1306208968
0.0017980600
0.0241626296
0.0834067166
0.0385140665
0.0033573953
0.0156598482
0.0124951415
0.0815470740
0.0271508489
0.0312424172
0.0160056092
0.0671525151
0.0893806592
0.0707449168
0.0588854067
0.0327830277
0.0097306026
0.0220827404
0.0572763197
0.1329970211
0.0768861920
0.0699298680
0.0274375696
0.0155028049
0.0728049204
0.1324404329
0.0225108694
0.3151314557
0.0250330847
0.0462679267
0.0289221071
0.1065177396
0.0359815359
0.0230057836
0.0208275616
0.0412124656
0.0144394087
0.1903205067
0.0015713613
0.0469311774
0.0574209243
0.0144742541
0.0177281331
0.0281521212
0.0348213166
0.0304576494
0.1861230880
0.0840290114
0.0508597791
0.0082056718
0.0209077410
0.0189949647
0.0271592010
0.0481650829
0.0014282240
0.0490775779
0.0011996626
0.0225935057
0.0492558889
0.0000000000
0.0046382784
0.0046512582
0.0377590321
0.0488646515
0.0775492042
0.0631341040
0.0316109359
0.0209346320
0.0806403607
0.0198919196
0.0193201788
0.0685341433
0.0389504246
0.0704433993
0.0087933531
0.0068538026
0.5181744695
0.0498470291
0.0273332261
0.2766243219
0.0056949994
0.0087386901
0.0329058170
0.0183392446
0.0475261882
0.0022923781
0.0404452160
0.0111009032
0.0088042868
0.0244152024
0.0447888076
0.0254950747
0.0349422097
0.0264736749
0.0334269106
0.0130196260
0.0592294410
0.0161699932
0.1289645582
0.0079014432
0.0590043254
0.0224842858
0.0115328021
0.0048654173
0.0318442620
0.0277867969
0.0475280397
0.0705034509
0.0286504496
0.0041709431
0.0713072047
0.0355402790
0.0550979599
0.0288625192
0.0312400274
0.0112503096
0.0083213719
0.1056344658
0.0848453343
0.2244294733
0.0632508472
0.0485917851
0.0321213230
0.0311219078
0.0129124671
0.0734606534
0.0432335846
0.0124213053
0.0324934050
0.0127484472
0.0224944651
0.0070828204
0.0267138779
0.1820538491
0.0238398276
0.0634806305
0.0325454623
0.0085462704
0.0404567160
0.1017389223
0.1271369010
0.0332045518
0.0184736047
0.0408928953
0.0105736014
0.0143755376
0.0910103023
0.0189278927
0.1308864206
0.0720293894
0.0941130891
0.0580408052
0.0132559128
0.0617748983
0.0096831210
0.0618529953
0.5624233484
0.0447248854
0.1644868553
0.0337030068
0.0110391797
0.1006905138
0.0276539046
0.0462957732
0.0248916484
0.0127825504
0.0081755547
0.0624071173
0.0345622785
0.0225517415
0.0210007988
0.0092396233
0.0059427479
0.0289166234
0.0165397618
0.0086116549
0.0182459690
0.2484355122
0.0205578711
0.0296444353
0.0562305897
0.0796237513
0.0753763542
0.0317305140
0.0141981700
0.0493354276
0.0718158782
0.0278322790
0.0382103659
0.0555987619
0.0119356522
0.0893549919
0.0293221660
0.0099486932
0.0412415639
0.1173413843
0.0977221280
0.0467314124
0.0299967024
0.0404730663
0.0151250949
0.0267641265
0.0755905882
0.1582519859
0.0137980692
0.4026526213
0.0261427090
0.0612494200
0.0302147269
0.0271150321
0.0702309534
0.0140138352
0.0000000002
0.0101178680
0.0080387862
0.0118578468
0.0201011691
0.0294105429
0.0411536321
0.0745178983
0.0406026430
0.0491485335
0.1618812233
0.0963321477
0.0127995173
0.0269942060
0.0403170176
0.0068868157
0.0076352409
0.0328543894
0.0231464133
0.0384994335
0.0259248856
0.0120233251
0.0200581159
0.0160814244
0.0131230745
0.0740449727
0.0481121317
0.0218375325
0.0094001135
0.1250270307
0.0089478651
0.0677972883
0.0147225456
0.0897569731
0.0210023392
0.0409973599
0.0537088364
0.0368682221
0.0377539657
0.0243053287
0.0214983840
0.0125305932
0.0538095981
0.0119100939
0.0167244915
0.0106648002
0.0332193114
0.0656168163
0.0744111761
0.0181765314
0.0236430913
0.0148670096
0.0563674457
0.0321326107
0.0348180309
0.0234726295
0.0671508163
0.0917606354
0.0364268608
0.0202593841
0.0177196432
0.0882512033
0.0189197231
0.0415291339
0.0807411075
0.0797795653
0.0218105316
0.0422660671
0.0138815735
0.0166724175
0.0502714738
0.1076680273
0.0160465818
0.0332953855
0.0681867898
0.0526109748
0.0061799265
0.0273266975
0.0942651331
0.0256411936
0.0286586564
0.0576026477
0.0799371749
0.0490089469
0.0313393436
0.0218079295
0.0350606516
0.0217471365
0.0781610832
0.0267797355
0.0169235580
0.0129755028
0.0337298997
0.0216976050
0.1488735825
0.0582096726
0.0335540920
0.0495386049
0.0387520976
0.0123002063
0.0352381989
0.0089876624
0.0712191910
0.0933466777
0.0094494205
0.0163997170
0.0243972335
0.0205243509
0.0348411053
0.0360289849
0.0224908795
0.0555994138
0.0475565419
0.0122114001
0.0008599541
0.0344851986
0.0403709039
0.0591095760
0.0715275183
0.0115895914
0.0090151997
0.0733460709
0.0228670761
0.0411453322
0.0138219101
0.0160214175
0.0128837684
0.0060960362
0.0260243956
0.0277895425
0.0206076652
0.0376232751
0.0127757033
0.0312454477
0.0973748490
0.0092048720
0.0204103012
0.0076985057
0.0004076149
0.0090763615
0.0275567900
0.2545359135
0.1103541777
0.0269231014
0.0404052697
0.1050090939
0.1728241146
0.0260044057
0.0822410211
0.0200968832
0.0320975967
0.0116045028
0.0128733171
0.0624416582
0.0091719450
0.0217338204
0.0308439732
0.0798614100
0.0188659672
0.0244856067
0.0698342547
0.0452175885
0.0144552412
0.0292004272
0.0086065354
0.0199361034
0.0201971065
0.0894903392
0.0121307597
0.0872875676
0.0323250704
0.0164601225
0.0141674038
0.0242095813
0.0374147147
0.0193890352
0.0597067736
0.0253200717
0.0112173064
0.0083732605
0.0807033032
0.0311965663
0.0239547938
0.0376777351
0.0615487695
0.0133647649
0.0114235869
0.0432219170
0.0181576461
0.0036802201
0.1646331847
0.0530460477
0.0152272843
0.0215729084
0.0294301566
0.0165579524
0.0116239898
0.0032652169
0.0981202051
0.1414212286
0.0390922949
0.0177888609
0.0493175685
0.0290375911
0.0139477206
0.0002860618
0.0381350480
0.0135236476
0.0069129094
0.0402290039
0.0238119066
0.0185697619
0.0140766790
0.0215619002
0.0533574857
0.0203740485
0.0231137015
0.0179012772
0.0941986814
0.0312343128
0.0075724847
0.0931702107
0.0188043751
0.0155920116
0.0981350988
0.0362124331
0.0063890051
0.0083502252
0.0107155675
0.0191910788
0.0394457728
0.0260480475
0.0376150720
0.0009953461
0.0161905866
0.0632826388
0.0005703494
0.0713207573
0.0222847275
0.0378742702
0.0701126829
0.0211361106
0.0476606041
0.0112608485
0.0757622421
0.0740648508
0.0321024321
0.0191753022
0.0670921355
0.0409123860
0.0277949907
0.0085249022
0.0620462112
0.1540742218
0.0271715540
0.0530493818
0.0105651934
0.0714567080
0.0090651195
0.0374077670
0.0188330505
0.0607853383
0.0626167804
0.1158842370
0.0221841969
0.0134131070
0.0123811662
0.0534945168
0.0091660582
0.0531709567
0.0221031029
0.0896926001
0.2183891386
0.0277663302
0.0088884979
0.0387702845
0.0525570177
0.0898891091
0.0270508472
0.0038428688
0.0151170064
0.0507337190
0.0308097694
0.0863488689
0.0068611973
0.0325806960
0.0182434618
0.0033545261
0.0219198167
0.0229357164
0.2480552644
0.1100069955
0.0878996626
0.0502022393
0.0521324053
0.0619964674
0.0053444980
0.0558171123
0.0561151318
0.0206924360
0.0539380722
0.0276662875
0.0108539034
0.0230911933
0.0957657620
0.0086865723
0.0202292092
0.0097260876
0.0121395625
0.0082267858
0.0551614240
0.0152043216
0.0162809901
0.0400053486
0.0167874508
0.0288407803
0.1837572753
0.0103084510
0.0002815684
0.0185088031
0.0027557872
0.0024871533
0.1775962114
0.0079605151
0.0187747125
0.0152013572
0.0195255112
0.0159474965
0.0404039659
0.0731360093
0.0120801451
0.0352118909
0.1231197268
0.0639749020
0.0017057988
0.0899763778
0.0097576892
0.0091370186
0.0124041196
0.0281043388
0.0194133241
0.0137357749
0.0263396036
0.0274725519
0.0440670550
0.0611634851
0.0116369147
0.0412772074
0.0179274157
0.0343354791
0.0275685564
0.0900292173
0.0574777536
0.0370048322
0.0195650402
0.0187966470
0.0266048796
0.0129879797
0.0320192017
0.0173356887
0.0379816182
0.0406826809
0.0325849056
0.0903561711
0.1414911747
0.0233132392
0.0665775761
0.0068713259
0.0008216618
0.0299829822
0.0183018837
0.0274441727
0.0153517984
0.0458755270
0.0640537962
0.0386141092
0.0115349982
0.0400701687
0.0148323039
0.0557584390
0.0312663652
0.0212895814
0.0793162510
0.1326175034
0.0341091678
0.0147368498
0.0408547297
0.1548751444
0.0664791390
0.0279598162
0.1105251610
0.0099397833
0.0699867979
0.0728431717
0.0336003117
0.0330321193
0.0707762688
0.0196647123
0.0680004284
0.0639740601
0.0538502522
0.1656477749
0.0366306454
0.1403158158
0.0214935504
0.0342141613
0.0716565400
0.0437106080
0.0205832087
0.0405485667
0.0154946037
0.0130654098
0.0074476535
0.0350633301
0.0097365594
0.0306408722
0.0537684411
0.0276671927
0.0262713823
0.0055302246
0.0244880952
0.0247027855
0.0160687845
0.0057335920
0.0095442142
0.0055412389
0.0167842060
0.0190290175
0.1505579501
0.0074198833
0.0746238232
0.0032633056
0.0189760216
0.0858197659
0.0440095812
0.0838539675
0.0245752111
0.0068406123
0.0294137709
0.0360335819
0.0100378823
0.0480652452
0.0079231225
0.0633106381
0.0287743509
0.0192867536
0.0806707665
0.0542757325
0.0230854116
0.0264388695
0.0461124703
0.0573738888
0.0076102400
0.0650157407
0.0066127051
0.0147951357
0.0632532761
0.0280770268
0.0451865569
0.0665177405
0.0517086014
0.0228628106
0.0152888345
0.0772230029
0.0263570789
0.0087378761
0.0913272426
0.0495944060
0.0474507175
0.0940578356
0.0169548132
0.0096983230
0.1508589238
0.0001074548
0.0057365778
0.0100445710
0.0901024491
0.0152522875
0.0600915551
0.0527795516
0.1185001954
0.0720184594
0.0620384663
0.0371573344
0.0181458034
0.0192075167
0.0500412621
0.0747670606
0.0633098483
0.0177253783
0.0608139150
0.0225675274
0.0543045737
0.0100189941
0.0193038750
0.0683626980
0.0164538845
0.0616984628
0.0404298380
0.0297816619
0.0125848418
0.0488500893
0.1220356449
0.0308501609
0.0279874969
0.0071142237
0.0691317841
0.0513626039
0.0536593087
0.0164027251
0.0574994534
0.0088824853
0.0327396169
0.0913258046
0.0803463832
0.0288129598
0.0290976651
0.0105349794
0.0599343292
0.0737060606
0.0140422815
0.0474773422
0.2003808171
0.0638552606
0.0212209765
0.0506626703
0.3072418272
0.0089027034
0.0529429838
0.0126369735
0.0198061634
0.0191684347
0.0269429833
0.0310014524
0.0368542634
0.0287374128
0.0318813287
0.0187443085
0.3508191705
0.0494481437
0.0137639092
0.0173620582
0.0147724794
0.0102578877
0.0135007538
0.0309712347
0.0322821140
0.0402613729
0.0807630867
0.0108774845
0.0259213280
0.0225643218
0.0421601944
0.0408037752
0.0627597347
0.0101854661
0.0374346748
0.0846081972
0.0351820067
0.0004865350
0.0014427622
0.0198403038
0.0470216908
0.0515590645
0.0849042684
0.0921255648
0.0769865140
0.1696114838
0.0194449853
0.0086442921
0.0795676485
0.1360770017
0.0064009065
0.0110213589
0.0209503882
0.0128436852
0.1219743714
0.0619278215
0.0086688278
0.0123823220
0.0000000001
0.1177820861
0.0495050289
0.0614870898
0.0136143938
0.0280832294
0.0639388859
0.0390782915
0.0196981821
0.0622193888
0.0211612619
0.0191175696
0.0287230890
0.0162016563
0.0875236541
0.0493981913
0.0241124909
0.0588975288
0.0223786980
0.0252610408
0.0414909534
0.0454132110
0.0173405372
0.0489799976
0.0298806205
0.0102554103
0.0200747382
0.0655686557
0.1166577637
0.0130557222
0.0283846073
0.0404659361
0.0078033893
0.0139121674
0.0317360274
0.0408900380
0.0154155307
0.0561793670
0.0141125042
0.0438981541
0.0199109018
0.0360320322
0.0685764775
0.0644094422
0.0070547271
0.0114614516
0.0360512026
0.1446324438
0.0247600544
0.0077351248
0.0249901637
0.0967895538
0.0134662287
0.0766234398
0.0070990059
0.0165217370
0.0101679973
0.0169846881
0.5006268024
0.0568328649
0.0162818301
0.0163856559
0.0170368981
0.0766998380
0.0098217465
0.0703157559
0.0235529188
0.0260389335
0.0035177760
0.1155999303
0.0357255526
0.0495327823
0.0156375039
0.0049854596
0.0132998442
0.0621980615
0.0522233993
0.0531783290
0.0597989634
0.0114279240
0.0273211300
0.0264880210
0.1207612008
0.0194956139
0.0237315483
0.0011538349
0.0426014327
0.0120246494
0.0000117786
0.0422751792
0.0267687235
0.0284322742
0.0084544364
0.0312101115
0.0171127971
0.0173860732
0.0062831878
0.0388737768
0.1086064354
0.0135988668
0.0252700821
0.0059332228
0.0499283634
0.0920125842
0.0364950933
0.0382022001
0.0211733542
0.0793411210
0.0446648374
0.0440762565
0.0410434194
0.0504614264
0.0480625406
0.0594967939
0.0143887242
0.1263780147
0.0176913626
0.1095254123
0.0531702489
0.0116750421
0.0710637197
0.0341671593
0.0721287951
0.0389533043
0.0023178658
0.0054124701
0.0470665917
0.0154020749
0.0022225026
0.0527654551
0.0754284784
0.2387309074
0.1581637561
0.0267279949
0.0297409613
0.0662881881
0.0356763788
0.0168207195
0.1832911968
0.0067492207
0.0300730076
0.0179360155
0.0406188853
0.0309249870
0.1710653901
0.0352737345
0.0162128769
0.0074614557
0.0232812464
0.3352507353
0.0181971751
0.0725475103
0.0544825085
0.0210815147
0.0726220384
0.0227120984
0.0294406470
0.0403575525
0.0067338436
0.0536296219
0.0982365981
0.0741262212
0.0079752328
0.0847616270
0.0301047973
0.1766736954
0.0120383948
0.0111539289
0.0189189389
0.0446503274
0.0064263614
0.0455428213
0.0543026589
0.0750157088
0.0450467616
0.0450238958
0.0907378495
0.0964033380
0.0164876115
0.0271991566
0.0110783437
0.1457068473
0.0584579930
0.0207546912
0.0668201447
0.0561897494
0.0024182689
0.0844201446
0.0431209691
0.0261488110
0.0104666315
0.0211738404
0.0323744044
0.0099368030
0.1007845998
0.0109864445
0.0228195582
0.0204436220
0.0719538257
0.0207325928
0.0291424748
0.0082138479
0.0071488987
0.0276490767
0.0292894486
0.0963183641
0.0083168438
0.0210318472
0.0109458687
0.0236761086
0.0682753101
0.1075663120
0.0773317590
0.0841130838
0.0452387631
0.0285970215
0.0325843468
0.0051861838
0.0609945171
0.0576110445
0.0498280786
0.0474288203
0.0416347422
0.0158010367
0.0504023395
0.1071385592
0.0182213224
0.0213414524
0.0489061214
0.0310539864
0.0200583171
0.0025827214
0.0107888002
0.2047558874
0.0854078382
0.0505436808
0.1478843093
0.0229190160
0.0208820123
0.0174957998
0.0565192811
0.0722483397
0.0171353668
0.1016222686
0.0073289271
0.0155928461
0.0121752387
0.0733612850
0.0091447840
0.0169776212
0.0437822528
0.0390676744
0.0263123997
0.0188965946
0.0463414267
0.0439470485
0.0386680365
0.0109354137
0.0619265623
0.0847994015
0.1177338436
0.0492400490
0.0188844074
0.0489952229
0.0104242144
0.0686562434
0.0201271530
0.0533073060
0.0071665603
0.0609774888
0.0082787592
0.0152945714
0.0625199601
0.0155245718
0.0561658330
0.0714658573
0.0090848440
0.0752698779
0.0060219546
0.0047439118
0.0125329830
0.0125780599
0.0531279743
0.0207972042
0.0169691555
0.0823867619
0.0112839080
0.3846225142
0.0881473720
0.0713735670
0.0189349782
0.0051263697
0.0532784574
0.0329635963
0.0273636337
0.0826533884
0.0242346525
0.0789668113
0.0501485877
0.0183516107
0.0549366996
0.0421199873
0.0577181540
0.0095038926
0.0468988605
0.0101306988
0.0384960696
0.0099198781
0.0107690115
0.0587571971
0.0196573101
0.0646815002
0.0095690750
0.0255287886
0.0098378425
0.0399496295
0.0206486024
0.0366079025
0.0702228546
0.0099178124
0.0128780091
0.0179354604
0.0066947150
0.0440804325
0.0458574593
0.0377589092
0.0238153096
0.0524046272
0.0170453340
0.0372841805
0.0905335248
0.0229233000
0.0124689788
0.0155423209
0.0701836720
0.0454490595
0.0464441963
0.0260017235
0.2809791267
0.0097807767
0.0239026658
0.0776467770
0.0089156758
0.0680260211
0.0151345236
0.0126541080
0.0580367073
0.0329963937
0.0115521364
0.0371817201
0.0347256660
0.0649675950
0.0403771512
0.0115094176
0.0195025504
0.0017142906
0.0349337123
0.0229373798
0.1102883071
0.1472017020
0.0160055123
0.0201313552
0.0429719426
0.0245927740
0.1016985402
0.0706115663
0.0695294812
0.0561247692
0.1156016663
0.0322846398
0.0348052308
0.0350318775
0.0360984728
0.0017677145
0.1112943515
0.0296656713
0.0351848304
0.0809147730
0.0121970866
0.0080170091
0.0273090675
0.0140178017
0.3101835549
0.0653890073
0.0136157172
0.0613561720
0.0545828342
0.0371523052
0.0109980879
0.0378678441
0.0122888340
0.0247748625
0.1547724158
0.0346021242
0.7290905714
0.0542135574
0.0291334689
0.0483889244
0.0423252955
0.0563246459
0.0208548587
0.0777944401
0.0194134787
0.1493212581
0.0342033617
0.2315612435
0.0361150689
0.0122924522
0.0218147244
0.0799117759
0.0393440872
0.0192982107
0.0249743052
0.0915942416
0.0088567138
0.0732100680
0.0766703486
0.0556169599
0.0443723835
0.0241677444
0.0069792676
0.0806522667
0.0054414729
0.0724692792
0.0249323230
0.0253896769
0.0506386273
0.0265011229
0.0511339121
0.0061014472
0.0672768876
0.0310121756
0.0169457141
0.0345104374
0.0311600212
0.0470380597
0.0284940209
0.0106446436
0.0316421948
0.0744308159
0.0267886147
0.0688692853
0.0322158821
0.0212997366
0.0260941479
0.0320124514
0.0068550403
0.0238690861
0.0124177076
0.0259849727
0.0006893260
0.0056779380
0.0402736627
0.0176627804
0.0152500467
0.1236034036
0.0201144312
0.0126561569
0.0000191530
0.0305121094
0.0256078057
0.0069125071
0.0205571279
0.0285194758
0.0081608249
0.0367658995
0.1056652293
0.0398635343
0.0236471482
0.0409558341
0.0153292250
0.0614696890
0.0895847306
0.0491543524
0.0204546452
0.0259211585
0.0140894763
0.0191964619
0.0251549780
0.0889941454
0.0221535489
0.0118252719
0.0677907616
0.2250219285
0.1067579091
0.0914108530
0.0485634208
0.0335549563
0.0487842970
0.0379451253
0.0000000482
0.0293508060
0.0158678032
0.0279264655
0.1745502502
0.0263352729
0.1325761080
0.0276012179
0.0253742952
0.0169695225
0.0518479273
0.0328046568
0.0350942165
0.0047627133
0.0417580567
0.0899185762
0.0454555228
0.0182778053
0.0409250744
0.0429875068
0.0405762196
0.0080297496
0.0445315912
0.0297340490
0.0584554970
0.0085767638
0.0903584883
0.0062220944
0.0540566556
0.0272036660
0.0228378940
0.0072249342
0.0770243034
0.0387593284
0.0375970453
0.0507126376
0.0177625455
0.0054887929
0.0998079851
0.1000671759
0.1145296022
0.0310948566
0.0531831272
0.0150516750
0.0493573435
0.0221870095
0.0749182403
0.0139133576
0.0335252360
0.0254468583
0.0011437895
0.0283148158
0.0579225123
0.0427307375
0.0248439461
0.0128202178
0.0175307505
0.1700554043
0.0830255821
0.1032236293
0.0707143545
0.0347279906
0.0207159277
0.0083207181
0.0601775348
0.1266876161
0.0121922260
0.0238139406
0.0483338200
0.0399083607
0.0032434482
0.0483961180
0.1037905291
0.2079711705
0.0735420138
0.0267674699
0.0011940901
0.0064421976
0.0391113237
0.0095579000
0.0352811739
0.0297496188
0.1229044721
0.0483025908
0.0829478875
0.1087072864
0.0347168669
0.0049696271
0.0270302091
0.0136645073
0.0207324959
0.0095834201
0.0178060234
0.0315005407
0.0307979267
0.0277586728
0.0583019704
0.0370653644
0.0775312409
0.0124796638
0.3634941578
0.0479944758
0.0408124290
0.0342124440
0.0269904099
0.0009894369
0.0721082464
0.1622071415
0.0486069731
0.0400976166
0.0256731939
0.0260339454
0.0130064646
0.0120938662
0.0123815341
0.0585076772
0.1094851419
0.0155085688
0.0353126116
0.0070912195
0.0020075641
0.0582094975
0.0200914647
0.1485314220
0.0031375340
0.0067805224
0.0217416603
0.0343396477
0.0179474596
0.0195741933
0.1058532745
0.0099218963
0.0444370396
0.0192957744
0.0206919275
0.0076271710
0.1180795580
0.0617541149
0.0379708186
0.0618623346
0.0123849697
0.0226452351
0.0472278222
0.0173482168
0.0235769507
0.0193095300
0.0115666175
0.2771919072
0.0146253016
0.0571875833
0.0253252964
0.0239725262
0.0012102639
0.0437298976
0.0093386965
0.0316097736
0.0180274080
0.0255766734
0.1415229142
0.1910136789
0.0198404342
0.0547391027
0.1095700860
0.0519423597
0.0788505226
0.0308130942
0.0241265111
0.0727959871
0.0240692385
0.0290778149
0.0132150343
0.0297582168
0.0239305012
0.0328650139
0.0871398821
0.0686425716
0.0281766374
0.0589645207
0.0200411752
0.0378004685
0.0248902682
0.0506662242
0.0731490701
0.1634583175
0.0264630578
0.0189394969
0.0051941709
0.3258428872
0.0486347228
0.0253486838
0.0264716968
0.0352277197
0.1100937948
0.0345900953
0.0309460945
0.0138130616
0.1160572618
0.0277717952
0.0684776232
0.0562593043
0.0201295670
0.0111217769
0.0291326456
0.0674755797
0.0130941179
0.0462004989
0.0296239238
0.0557311475
0.0140169850
0.0583681650
0.0165497847
0.0083347689
0.0844531432
0.0200564861
0.0351109393
0.0125282332
0.0385248996
0.0808450282
0.0076054479
0.0540195443
0.0219341274
0.0647625923
0.0914984494
0.0108686835
0.0171910599
0.0325501673
0.0246744007
0.1976037920
0.0773921981
0.1007839218
0.0539208166
0.0450100824
0.0303618368
0.0131368218
0.0048862845
0.0004343998
0.0825931951
0.0160848517
0.0432837829
0.0140538327
0.0000000008
0.0364976898
0.0212036055
0.0180702787
0.0481006019
0.0304863490
0.0110686626
0.0156198181
0.0254397709
0.0178336576
0.0282867067
0.1063579246
0.0817617700
0.0514162108
0.0181800034
0.0017416708
0.1024509370
0.0244155750
0.1042066738
0.0281044096
0.0079551581
0.0076954681
0.0127896648
0.0137510356
0.0544291772
0.0215606019
0.0519300848
0.0411392562
0.0225787703
0.0272285230
0.2270583659
0.0658651739
0.0963514447
0.0257270727
0.0318482220
0.1327726543
0.0340906829
0.1002635062
0.0730847642
0.0208348110
0.0128922500
0.0052769170
0.0061164675
0.0087457765
0.0053567071
0.0716366619
0.0251125321
0.0207674578
0.0220292993
0.0112099303
0.1100884154
0.0553909354
0.0418686531
0.0944040641
0.0125890970
0.0036105698
0.0098233605
0.0100155370
0.0332562588
0.0386089124
0.0231707059
0.0262120832
0.0254071038
0.0204636473
0.0392237827
0.0991449356
0.0223256666
0.3340102732
0.0119417617
0.0386931896
0.0186351296
0.0170558747
0.0175698195
0.0430027731
0.0054773311
0.0408605337
0.0166001283
0.0318626650
0.0074832691
0.0718000829
0.0953214169
0.0433752052
0.1957019418
0.0614637770
0.0426705107
0.0548983067
0.0045303255
0.0057485751
0.0425246954
0.0428165942
0.0107455384
0.0242031161
0.0712297633
0.0067772316
0.0296204556
0.0379618742
0.0125480285
0.0644981936
0.0290755145
0.1072537005
0.0956226140
0.0118732154
0.0136850625
0.0234305356
0.0361413546
0.0626888126
0.0292790011
0.0924897343
0.0365628228
0.0282728225
0.0232783128
0.0084543563
0.0095224800
0.0169121847
0.0876714811
0.0155390669
0.0239830948
0.0114958640
0.0264927242
0.0057468726
0.0909906030
0.0508974716
0.0169182122
0.0173823424
0.0494709238
0.0380791351
0.0315584950
0.0179836582
0.0786990076
0.0022779058
0.0115573313
0.0564932227
0.0467602462
0.0552867763
0.0163168982
0.0185945164
0.0503608510
0.0594327413
0.0275472235
0.0491246656
0.0131973987
0.0230736807
0.0076650293
0.0397850946
0.0325408168
0.0201936495
0.0263981689
0.1434741616
0.0440665409
0.0591867231
0.0151942857
0.0328940339
0.0095849596
0.0865748450
0.1762761176
0.0565433875
0.0373290814
0.0264697913
0.0229567774
0.0475681461
0.0230550058
0.0092609096
0.0366872847
0.0287775751
0.0786970183
0.0190680474
0.0168230534
0.0410890467
0.0508504026
0.0108213732
0.0653263479
0.0071111158
0.0107655022
0.0160176288
0.0119240303
0.0548394322
0.0579286776
0.0369654670
0.1272485852
0.0121578518
0.0384974591
0.0252837986
0.0356572941
0.0124165211
0.0482935123
0.0117409807
0.0840465948
0.0248010829
0.0399656929
0.0692404136
0.0184381343
0.0453813896
0.0246362910
0.0603327863
0.0045755012
0.0221283790
0.0458038785
0.0808407441
0.0884625837
0.0360440426
0.0400786810
0.0144655704
0.0613177940
0.0999765247
0.0716226771
0.0143257668
0.0024428663
0.0059226858
0.0096003851
0.1097360924
0.0762005523
0.0046626278
0.0276876073
0.0095041348
0.0314652286
0.0537946671
0.0318885334
0.0752223954
0.0363790169
0.0267507229
0.0415500812
0.0299941562
0.0398425758
0.0795913190
0.0304169022
0.0058778883
0.0103617003
0.0362136476
0.0194590446
0.0065774657
0.0163670667
0.0189627726
0.0335325375
0.0110211419
0.0141742304
0.0238015801
0.0234475303
0.0363477729
0.0739586577
0.0158751551
0.0724331662
0.0324987583
0.1023939475
0.0384328328
0.0426676683
0.0463867486
0.0150786312
0.0068633878
0.0072682877
0.0189100876
0.0073125050
0.0361531489
0.0159975681
0.0155020533
0.0070505003
0.0668877140
0.0732115507
0.0271130055
0.0049832300
0.0438012518
0.0144120669
0.0486446768
0.0315283127
0.0324525125
0.0194958504
0.0158491693
0.0396087728
0.0247924980
0.0215495769
0.0133312540
0.0403901935
0.1056974828
0.0544987284
0.0224002302
0.0110806115
0.0666667745
0.0321898498
0.0231310576
0.0399532393
0.0279033296
0.0949420631
0.0632580891
0.1061021984
0.0564317591
0.0202223975
0.0199432746
0.0438880846
0.0239527039
0.0315993391
0.0496590063
0.0565327443
0.1026922092
0.0783358961
0.0528120287
0.0352484547
0.0771597400
0.0222965945
0.0204004329
0.0284999814
0.0248600338
0.0488661453
0.0732462034
0.0498062856
0.1029020399
0.0364343636
0.0168073177
0.0129315937
0.0392821729
0.0410048775
0.0682232305
0.0198806152
0.0132469833
0.0238897633
0.0343744531
0.0000000001
0.0375246219
0.0263904631
0.0317839608
0.0543990843
0.0331846923
0.0098877419
0.0470729470
0.0824768916
0.0519895181
0.0151491370
0.0480393432
0.0962298438
0.0144834733
0.0362521522
0.0166475605
0.1399759650
0.0147044966
0.0296664946
0.0117701869
0.0800565556
0.0379316956
0.0180377681
0.0468863882
0.0979127958
0.0105000641
0.0077030500
0.0199754369
0.0257490426
0.0226418898
0.0472199544
0.0846035257
0.0056309886
0.0102974726
0.0072655077
0.0175990146
0.0186734684
0.1044729128
0.0270750672
0.0821233094
0.0302319583
0.0306843370
0.1029335186
0.0084162960
0.0618267655
0.0329871029
0.0170835331
0.0513591617
0.1694258153
0.0418330617
0.1750497818
0.0126381395
0.0401431322
0.0079940502
0.0018315807
0.0279104356
0.0364253595
0.0001137450
0.0480819382
0.0111766551
0.0323678479
0.0364932567
0.0575164855
0.0964621082
0.0060208645
0.0288345367
0.0136424042
0.0966634825
0.0432512313
0.0545014963
0.0060323267
0.0339250378
0.0977312028
0.0080515416
0.0387832560
0.0090352949
0.0075928555
0.0203432608
0.0104271518
0.0200612973
0.0780262724
0.0012589061
1.0000000000
0.0299821384
0.0000000001
0.0088586304
0.0231837966
0.0596827902
0.0116481632
0.0280616079
0.0395751670
0.0152844479
0.0515023954
0.0072223139
0.0503610559
0.0129033113
0.0265517700
0.1439077705
0.0168069247
0.0118199354
0.0835724249
0.0022762658
0.0524664223
0.0120915649
0.0516927056
0.0230794828
0.0121312728
0.0028322039
0.0803648159
0.0155603513
0.0067685642
0.0262998026
0.0556720905
0.0129856141
0.0143464133
0.0216210559
0.0162075944
0.0276856869
0.0031535116
0.0309342276
0.0164975114
0.0242836084
0.0674262643
0.0566085838
0.0145761864
0.0992209837
0.0000000001
0.0462205857
0.0492646322
0.0239135660
0.0653139874
0.0425786525
0.0133739738
0.0381861031
0.0805423483
0.0112535134
0.0345424414
0.0189221613
0.0371420383
0.0180822592
0.0435038097
0.0089881038
0.0367975645
0.0273737777
0.0490970165
0.0171307735
0.0845114589
0.0822899863
0.0960422903
0.0301190931
0.0533189066
0.0764800981
0.0170370266
0.0547484979
0.0119052865
0.1401110590
0.0481212512
0.0235719346
0.0433235057
0.0740438253
0.1075055376
0.0282140747
0.0227704048
0.0322606601
0.0359450020
0.0505518205
0.0306408945
0.0679583102
0.0469865538
0.0063837008
0.0083779888
0.0083859544
0.0174202472
0.0658181608
0.0209946819
0.0680666268
0.2205859870
0.0169904698
0.0352402404
0.1157776788
0.0329734311
0.0569104664
0.0171416644
0.1787176132
0.0627444386
0.0103569580
0.0116963107
0.0320214555
0.0241437703
0.0418258980
0.0521906763
0.0673936531
0.0301400162
0.0776803717
0.0048462213
0.0192283820
0.0216495600
0.0156389009
0.0179692488
0.1435721070
0.0309207998
0.1060739383
0.0322911702
0.0731866136
0.0149784163
0.0179675817
0.0475554429
0.0514760092
0.0135197360
0.0391852669
0.0041689593
0.0478804931
0.0303787775
0.1236448959
0.0158146359
0.0016924249
0.0123955645
0.0901093781
0.0585409440
0.0901434347
0.0600313246
0.0202535652
0.0191295911
0.0187952537
0.0679547489
0.0616699047
0.0206320230
0.0388717018
0.0262917578
0.0563646778
0.0656488538
0.0824393705
0.0909200907
0.0130809750
0.0066652456
0.0491227061
0.1420616210
0.0376817100
0.1178822294
0.0429807194
0.0839568451
0.0736327022
0.0427038893
0.0347253308
0.0429311730
0.0738776624
0.0314210132
0.0400773250
0.0005605633
0.0045844754
0.0078458898
0.0196278729
0.0068082921
0.0081971772
0.0177394152
0.0038177131
0.0651085898
0.0287010279
0.0119728986
0.0122039812
0.0815362856
0.0346959084
0.0499876812
0.0559812002
0.0153367855
0.0176096186
0.0269842613
0.0706570819
0.1898786128
0.0058018691
0.0082976660
0.0160163678
0.0186728146
0.0608660467
0.0428446606
0.0784901604
0.1103573591
0.1062822714
0.0071855038
0.0170926303
0.0256533530
0.0172649492
0.0281966403
0.0570488982
0.0465529002
0.0171719920
0.0829942077
0.0134204868
0.0201079194
0.0038202875
0.0231033377
0.0652912185
0.0135421008
0.0181316510
0.0165415443
0.0555473641
0.0231776573
0.2195973843
0.0598745458
0.0919644907
0.0132301534
0.0787066668
0.0259408206
0.0474903472
0.0536849312
0.0139141055
0.0220481083
0.0705490261
0.0297515225
0.0402306356
0.0127636213
0.0290683471
0.0127134705
0.0396022797
0.0308685210
0.0111748325
0.0175113790
0.0502012223
0.0423176438
0.0954755396
0.0528924838
0.0736930445
0.0099587543
0.0072543565
0.0660717264
0.0255430695
0.0470411591
0.1248375773
0.0103122657
0.0278836526
0.0150713250
0.1019725204
0.0162784830
0.0397775359
0.0131522659
0.0051988447
0.0769522041
0.0488906913
0.1856436580
0.0426193401
0.0353223085
0.0262393765
0.0301764403
0.0378237702
0.1435302347
0.0289656464
0.0597342439
0.0058215987
0.0118733831
0.0498728193
0.0624829568
0.0181790255
0.0253608674
0.0244932696
0.0913485140
0.0039767944
0.0534240156
0.0089008398
0.0163518731
0.0167861823
0.0273404084
0.0215828307
0.0180575252
0.0173729621
0.0363751426
0.0012156867
0.1953866631
0.0225301497
0.0698181167
0.0553306676
0.0334349759
0.0291407108
0.0071592862
0.0218537543
0.0531685352
0.0157237463
0.0513550341
0.0368751623
0.0070561809
0.0453722998
0.0083681541
0.0519800708
0.0357536674
0.1030584276
0.0494903140
0.0338938795
0.0093994159
0.0163716972
0.0318843089
0.0219486952
0.0208024886
0.0093449317
0.0131092612
0.0213636234
0.0236022603
0.0436111614
0.0223063044
0.0258816201
0.0122105302
0.0361177251
0.0111580212
0.0973317102
0.0227030888
0.0662182868
0.0090831788
0.0112467557
0.0423473753
0.0486792885
0.0372649431
0.0437901579
0.0226410143
0.0493125841
0.0546660684
0.3129720390
0.0685742944
0.0324243158
0.0182357430
0.0555562340
0.1186717525
0.0128443493
0.0647436902
0.0138884485
0.0097672967
0.0320478342
0.0238325670
0.0063191531
0.0492520258
0.0463077575
0.0162374098
0.0003815033
0.0321726389
0.0836429894
0.0485898666
0.0419331379
0.0185549855
0.2496828288
0.0399250276
0.0322149582
0.0377889015
0.0106226904
0.0076556895
0.1867324710
0.0255488250
0.0273673106
0.0080225058
0.0087354612
0.0202068202
0.0360398665
0.0000924773
0.0254694745
0.0400722697
0.0230057072
0.0312991999
0.0238799639
0.0730545446
0.0623739958
0.1702423096
0.0107413726
0.0785068274
0.0138393603
0.0331957489
0.0465131104
0.0413527973
0.0510287210
0.0974603295
0.0136962784
0.0020508531
0.0425431319
0.0129137244
0.0314450264
0.0124478182
0.0285991617
0.0030136453
0.0374007784
0.0248875581
0.0334527493
0.0296125226
0.0142295072
0.0492801443
0.0180398244
0.0656352714
0.0910903737
0.0162704214
0.0742217824
0.0263436213
0.0468430631
0.0468671657
0.0212555137
0.0046125310
0.0235848837
0.1304482520
0.1503150463
0.0104298629
0.0337733887
0.0215892810
0.0575512350
0.0082094287
0.0118423859
0.0504469275
0.0818636194
0.0747036338
0.0226591602
0.0233382937
0.0543788038
0.0259049032
0.0599103086
0.0379131250
0.0871772766
0.0169229787
0.0192221738
0.0468480438
0.0230041314
0.0167451985
0.0159074366
0.0232280884
0.0737715587
0.0017840286
0.0866600275
0.0433751047
0.0226026848
0.1226622760
0.0288522486
0.0664282888
0.0008411674
0.1241169050
0.0191888940
0.1430151761
0.0394090936
0.0211025141
0.0124245519
0.0164042190
0.0286374111
0.0417215340
0.0538070612
0.0573413931
0.0342275277
0.0343274251
0.0217943974
0.0428423472
0.0158141032
0.0183312465
0.0245827455
0.0222220570
0.2285442799
0.0350226201
0.0155235231
0.0222529732
0.1817224622
0.0590931661
0.0268769525
0.0425620116
0.0385259651
0.0181498006
0.0050157686
0.0471784025
0.0438506454
0.0389292166
0.0670600459
0.0084225852
0.1360306442
0.0083047664
0.0175424647
0.0247563645
0.0312477425
0.0768843815
0.0286431815
0.0363397337
0.0416005887
0.0610121042
0.0953631997
0.0323068351
0.0466303118
0.0173646118
0.0249611102
0.0225608349
0.0091349464
0.0210990682
0.3269868791
0.0416587852
0.0805063173
0.0528048985
0.0835075527
0.0774850994
0.0714550018
0.0422644615
0.0216763355
0.0182825625
0.0132348714
0.0133709284
0.0681154802
0.0173859578
0.0226097349
0.0394282863
0.0507206097
0.0143442824
0.0525814332
0.0786960572
0.0274341777
0.0630168840
0.1037560105
0.0140562691
0.0484734401
0.0129511952
0.1033524573
0.0097631738
0.0275828652
0.0225391369
0.0259465408
0.0195242818
0.0568215437
0.0704000592
0.0146657089
0.0112044783
0.0530414991
0.0671646520
0.0647257566
0.0935276225
0.0146700917
0.0361164957
0.0305377766
0.0337315276
0.0477694720
0.0217919424
0.5105912089
0.0653662831
0.0017096495
0.0597675443
0.0168557204
0.0068247435
0.0906889215
0.0064387796
0.0237191264
0.0014380668
0.0248097237
0.0242889542
0.0623658486
0.0328100324
0.0237958301
0.0986190587
0.0329580717
0.0794333145
0.0646049455
0.0271284636
0.0049882820
0.0886040702
0.0118478602
0.0212110691
0.0773241967
0.1086798832
0.0178422052
0.0217904989
0.0374955796
0.0503570065
0.0067689880
0.0008091023
0.0572516769
0.0190681312
0.0720848367
0.0125691090
0.0219639633
0.0565609708
0.0270092450
0.0721052513
0.0409789905
0.0196803231
0.0353545323
0.0515466258
0.0842324495
0.0097164474
0.0318131335
0.0213427134
0.2167643756
0.0360286795
0.1650605649
0.0096991928
0.0131092612
0.0243284963
0.0069321194
0.0668690577
0.0101524880
0.0680392683
0.0475264676
0.0130813131
0.1336271018
0.0171992630
0.0138185238
0.0147200208
0.2205506712
0.0238289833
0.0176256616
0.0061591859
0.0533610433
0.0384948887
0.0269988719
0.0238423645
0.0256878287
0.0329225659
0.0060382164
0.0796089545
0.0595715754
0.4336946607
0.0176342335
0.0119473552
0.0167334899
0.0556622818
0.0297789555
0.0739084110
0.0327856913
0.0361670852
0.0215830337
0.0300909467
0.0431285873
0.0627322793
0.0587146245
0.1674481183
0.0324279480
0.0214441922
0.0446400158
0.0077192793
0.0013839778
0.1571940780
0.0615999065
0.0022325770
0.0517078228
0.0496087261
0.0563782603
0.0056978622
0.0422472693
0.0137125459
0.0379360989
0.0129913241
0.0414008759
0.0320177488
0.0091264565
0.1306605488
0.0374978855
0.0418835580
0.0261926465
0.0000000005
0.0098413816
0.0329486653
0.0198597498
0.0057847612
0.0520127080
0.0278030075
0.0505857356
0.0126749165
0.0219114237
0.0196171347
0.0133273611
0.0072781518
0.0161259249
0.0444487333
0.2386321723
0.0411953926
0.0269875061
0.1239859238
0.0314114951
0.0020873721
0.0076976973
0.0109839020
0.0237148497
0.0308094006
0.0020746931
0.0106546525
0.0357332565
0.0109460950
0.0050820666
0.0383786000
0.0721116811
0.0105875833
0.0648043156
0.0148870507
0.0192877185
0.0497503802
0.0745395198
0.0207862351
0.2065639049
0.1114156619
0.0006537156
0.0048773726
0.1479447931
0.0380861387
0.0320452079
0.0245128013
0.0733480826
0.0452547632
0.0205486659
0.0222996101
0.0000000004
0.0390544832
0.1341612935
0.0492404141
0.0276835840
0.0477579869
0.0876660943
0.0668877438
0.0167988576
0.0431986563
0.0071779010
0.0422720313
0.0764060989
0.0753416643
0.0555625334
0.0511737168
0.0123639721
0.0352089815
0.0150680058
0.0081800912
0.0169629361
0.0040502348
0.0179163199
0.0409238189
0.0260687415
0.0572782159
0.0199007671
0.1211429685
0.0508579947
0.0015801318
0.0161743704
0.0161850117
0.1752110273
0.0131502990
0.0755966231
0.0411631837
0.0472855121
0.0316972807
0.0125388671
0.1041436344
0.0222990271
0.0122545268
0.0259137377
0.0234725792
0.1660892665
0.0102051618
0.0199760199
0.0255194027
0.0113889230
0.0684379563
0.0189560801
0.0591790862
0.0395984538
0.0630279332
0.0168774482
0.0624810010
0.0418260358
0.0169255733
0.0120175378
0.0220060721
0.0145767974
0.0157849248
0.0014805362
0.0096019171
0.0380721502
0.0211585648
0.0701463372
0.0325736403
0.0605993494
0.0088758925
0.0180422775
0.0380097590
0.0706139579
0.0432741940
0.0124345543
0.0410117395
0.0079774819
0.0082123103
0.0086854389
0.0357400253
0.0541721173
0.0000045131
0.0599665456
0.0253922921
0.0282585565
0.0095949862
0.0789194703
0.0129508423
0.0243910160
0.0666897297
0.0238676909
0.0151015660
0.0256431177
0.0060277884
0.0134925693
0.0298537482
0.0418477543
0.0429526009
0.0117070694
0.0076277088
0.0264808293
0.0129346019
0.0405367501
0.0194990002
0.0534903631
0.0412091464
0.0253529605
0.0277508534
0.0175731201
0.0259054415
0.0269179940
0.0905866548
0.0119744670
0.0378012657
0.0225295462
0.1476554275
0.0392650440
0.0136403507
0.0868492424
0.0065695313
0.0358395390
0.0325408615
0.1508987695
0.0310146566
0.1700239033
0.0281454325
0.1017659903
0.0568662919
0.0091705797
0.0210053958
0.0010693015
0.0935217142
0.0678582266
0.0386248454
0.0264501981
0.0404169261
0.1274674386
0.0528582036
0.0189016126
0.0073484452
0.0019315133
0.0327939764
0.1131117940
0.0461566634
0.0758241415
0.0439325310
0.0999382585
0.0260818601
0.0343722478
0.0672776252
0.0434001610
0.0792485699
0.1152037457
0.0486319438
0.0211947560
0.0066122287
0.0574614033
0.0278041791
0.0876296610
0.0563088208
0.0348760225
0.0094968043
0.0176591817
0.0623545311
0.0191343389
0.0609887280
0.0234612580
0.1439242363
0.0311376490
0.0160760842
0.0377949364
0.0694017932
0.0482589416
0.1022588462
0.0766763911
0.0409494825
0.0419962369
0.8481058478
0.0134458914
0.0209842138
0.0083779376
0.1737456918
0.0777916983
0.0349146426
0.0170157813
0.0118062207
0.0220732968
0.0192012545
0.0367771834
0.0123426206
0.0185482390
0.0100205028
0.0838443339
0.1547649950
0.1098332703
0.0497767963
0.0377849117
0.0330104530
0.0089338496
0.0335963555
0.0141452234
0.0512062348
0.0131870080
0.0686048791
0.0148262773
0.1615938395
0.0263808146
0.1652155966
0.0067778970
0.0486832373
0.3249076009
0.0619383492
0.0323054492
0.0461766534
0.0431593843
0.0524220318
0.0430588126
0.0305965077
0.0109890308
0.0688973293
0.1763418913
0.0095882602
0.0032245328
0.0213353094
0.0405675955
0.0183697604
0.0828908905
0.0700819269
0.0268743075
0.0145447748
0.0491776094
0.0328296646
0.0071831900
0.0371022485
0.0040015001
0.0438637547
0.0153843556
0.1037180424
0.0155843869
0.0248763319
0.0706460029
0.0197361186
0.0978573337
0.0183826406
0.0584256351
0.0292964503
0.0808409676
0.0201400016
0.0188525934
0.0149924103
0.0338060893
0.1649881452
0.0319902264
0.0698838606
0.0996811539
0.0049164202
0.0477048866
0.0338619687
0.0189318433
0.1054117158
0.0582992211
0.0092852982
0.0172470622
0.0234433599
0.0087003307
0.0181772560
0.0424809158
0.0880414993
0.0537292473
0.0280068647
0.0710648373
0.0175551083
0.0441392735
0.0172682982
0.0538639054
0.0196445901
0.1263575107
0.0915761888
0.0090298234
0.0035167900
0.0417050868
0.0069243270
0.0192044228
0.0538735799
0.1316615790
0.0107851876
0.0072399853
0.0389792509
0.0131863374
0.1210252419
0.0593697950
0.0564919263
0.0498590581
0.0947130471
0.0340099111
0.0299895648
0.1103798151
0.0194443073
0.0538157187
0.1001363322
0.0671360344
0.0045203734
0.0397775695
0.0136958659
0.0565827414
0.0627294555
0.0615899637
0.1221534535
0.0440802090
0.0550630428
0.2404876053
0.0458697081
0.1266354620
0.0717661083
0.2011187077
0.0697983652
0.0297335666
0.0332818106
0.0300183110
0.0395552069
0.0351867974
0.0125996051
0.0018559280
0.0128094628
0.0222917292
0.0089556025
0.0113946311
0.0053152447
0.0277460366
0.0062276665
0.0182680879
0.0089331912
0.0643461123
0.0816402957
0.0121278744
0.0152187571
0.0614939146
0.0060045631
0.0052290000
0.0458205454
0.0413749591
0.0221942030
0.0111851906
0.1082126573
0.0554883927
0.0446100719
0.0112073198
0.0338475890
0.0225527398
0.0320688114
0.0068047661
0.0427482985
0.0163474102
0.0357510224
0.0104523189
0.0224361699
0.0234192200
0.2193123102
0.0473696999
0.0015381273
0.0613225922
0.0149859618
0.0114510404
0.0657398328
0.0377559736
0.0079306485
0.0226459000
0.0157356411
0.0949149802
0.0561045110
0.0930738673
0.0224345792
0.0572668947
0.0561156496
0.0396973677
0.0124018649
0.1049775556
0.0530711785
0.0039112829
0.0362221301
0.0262981430
0.0295531265
0.0112443697
0.1602336466
0.0188159831
0.0810371339
0.1210143194
0.0203569010
0.0125557045
0.0177386161
0.0412787609
0.0952654257
0.0724770576
0.0779666901
0.0282248445
0.0297707785
0.0328701623
0.0168736670
0.0734059364
0.1040757746
0.0943825915
0.0227378365
0.0234563984
0.0140139684
0.0238581058
0.0127177741
0.0127855353
0.0079746069
0.0870702565
0.0080386335
0.0110118724
0.0275374763
0.0319591649
0.0070638387
0.0185545906
0.0124313878
0.0071633374
0.0076939650
0.1898863167
0.1412130892
0.1074096560
0.0242209509
0.0174133256
0.0253214464
0.0860973448
0.0737430453
0.0735888332
0.0172532275
0.0170530695
0.0227544680
0.0353416987
0.0263627321
0.0493836403
0.0673046187
0.0465088598
0.0264534522
0.0152834738
0.0319788978
0.0186837036
0.0612043254
0.1088724434
0.0264302045
0.0193202794
0.0146295624
0.0065711313
0.0249031913
0.0581172146
0.0651773810
0.0118223578
0.0148505643
0.1924174279
0.0288612470
0.0581247844
0.0251378883
0.0115079535
0.0788778514
0.0388561971
0.0000000014
0.0232581571
0.0163534544
0.0874715149
0.0293573216
0.0489964783
0.0303496215
0.0520424098
0.0117953550
0.0289253220
0.0616213568
0.0186368134
0.0258397087
0.0931378230
0.0180668198
0.0106604844
0.0342038907
0.0978521407
0.0056478451
0.0817384794
0.0070664878
0.0411375910
0.0449465960
0.0709484443
0.0084830523
0.0216651652
0.0919363722
0.0129578412
0.0915054083
0.0334250927
0.0315105096
0.0380261168
0.0112679433
0.0197290983
0.0002868699
0.0074447282
0.0912079737
0.0205001794
0.0177256949
0.0128105776
0.0387774967
0.0024293533
0.0012924536
0.0531139001
0.0214780010
0.0611889549
0.0309977718
0.0161213726
0.0239087306
0.0424827673
0.0391335972
0.0707898363
0.0459822416
0.0414407663
0.0405034944
0.0177495796
0.0336347148
0.1180690825
0.0633587316
0.0106318258
0.0067033260
0.0375734083
0.0167508516
0.0067345477
0.0130920475
0.1034712642
0.0157864727
0.0490932465
0.0437255614
0.0806719288
0.0312713236
0.0429485179
0.0687137097
0.0691286400
0.0559172854
0.0843316242
0.0701078996
0.0010677299
0.0631300807
0.0877429098
0.0401303694
0.0366755053
0.0237810966
0.0352247059
0.1067832559
0.0272848532
0.0797224119
0.0268951505
0.0099410070
0.0039702253
0.0192737337
0.0446646921
0.0277925171
0.0978848487
0.0500873663
0.0435169823
0.0570044890
0.0255857557
0.0591522381
0.0015431650
0.0329062715
0.0115168095
0.0231238473
0.0542381741
0.0186335873
0.0153728817
0.0712783411
0.0068502659
0.0890697539
0.0190169066
0.0130544873
0.0233299546
0.0161492433
0.0828316733
0.0082688136
0.0210050903
0.0431951061
0.0155016826
0.1005336866
0.1114918590
0.0095138354
0.0693835095
0.0324728452
0.0075385594
0.0178913269
0.0363609642
0.0767120272
0.0347854756
0.0654431656
0.1545756012
0.0817404613
0.0075729466
0.0114016822
0.0000000040
0.0457794070
0.0879567713
0.0208136458
0.0388222672
0.0284790881
0.0339817703
0.0116268164
0.0042086877
0.1981893629
0.0121169267
0.0495951325
0.0213011540
0.0510121733
0.0481761098
0.0107291834
0.0038462328
0.0244986154
0.0391256772
0.0488727354
0.1134171188
0.0091099041
0.0107992180
0.0270595085
0.0271923169
0.1614932269
0.0119603435
0.0623902529
0.0331265107
0.0125508523
0.0286506508
0.0146767637
0.0232657362
0.0593444519
0.0104656685
0.0182610601
0.1007962003
0.0578685999
0.0257000402
0.0969101265
0.0686641783
0.1766686887
0.0285518672
0.0663159639
0.0080264527
0.0070836591
0.0106380172
0.0371817574
0.0287901442
0.0117135476
0.0387334786
0.0336127616
0.3478371203
0.0591294691
0.0128185283
0.1065659821
0.0737271830
0.0533859022
0.0504186153
0.0347220376
0.0387114510
0.0605634525
0.0336790197
0.0430219807
0.1040312275
0.0250503719
0.0439567901
0.0686017498
0.0554188453
0.0071067633
0.0178966392
0.0416170172
0.0346162878
0.0226455424
0.1846303046
0.0133247208
0.0152831934
0.0796036497
0.0798360780
0.0100019770
0.0213708412
0.0650579929
0.0074509042
0.0232607722
0.0957700312
0.0181429014
0.0146443564
0.0169374477
0.0439208820
0.0557108782
0.0117092654
0.2606030405
0.0139614865
0.1163678467
0.0805740431
0.0156026129
0.0417248048
0.0219083801
0.0371124782
0.0323828459
0.0000000004
0.0144250030
0.0626261383
0.0632993951
0.0096349362
0.0550089218
0.0204920005
0.0095497379
0.0433953442
0.0585816205
0.0442051142
0.0159054436
0.0081101041
0.0103141647
0.0104721496
0.0106271226
0.0467007719
0.0218871050
0.0225774609
0.0800897777
0.1040445119
0.0066299671
0.0564126670
0.0981302857
0.0110740988
0.0571082421
0.0224232879
0.0161493644
0.0793326199
0.0042844145
0.0120216142
0.0525623523
0.0431030877
0.0311273467
0.0243358351
0.0294828881
0.0126179615
0.0651053935
0.0267975032
0.0492265224
0.0480517596
0.1093853191
0.0316205062
0.0145880068
0.0375663899
0.1369557083
0.0348055996
0.0407972820
0.0114840893
0.0261579137
0.0612360425
0.0582847893
0.0483350605
0.0196202490
0.0575078018
0.0518536046
0.0255301837
0.0737090185
0.0389899164
0.0951613709
0.0199752115
0.0104502728
0.0639771447
0.0088189868
0.0457628816
0.0308055039
0.0475676991
0.0191793442
0.0253663342
0.0000000008
0.0581235364
0.0473286323
0.0322373398
0.0287731718
0.0220702291
0.0842304677
0.0367349610
0.0689629167
0.0165114589
0.0079528810
0.0287673343
0.1308420748
0.0072478107
0.0151503030
0.0779226795
0.0429386571
0.0409738198
0.0419998653
0.0436816588
0.0278607234
0.0279590953
0.0113182133
0.0388305672
0.0522678830
0.0608666316
0.0229189042
0.0165504366
0.0132378805
0.0454008952
0.1116111130
0.0131888883
0.0291381180
0.0409395881
0.0449756980
0.0742103383
0.0073426869
0.0185260642
0.0265813619
0.0549138486
0.0112778395
0.0199792553
0.0197860897
0.0029266176
0.0531026796
0.0923876390
0.0154777085
0.0221405271
0.0141616836
0.0282941014
0.0037936140
0.0551156439
0.0309200305
0.0223557577
0.0359136537
0.0997165889
0.0513636507
0.0157598089
0.0153949475
0.0195095781
0.1003294215
0.0607208088
0.0230996665
0.0491825528
0.0072197439
0.0025133588
0.0174711589
0.0530867837
0.0194248706
0.0000000012
0.0511110686
0.0347461291
0.0283308849
0.0335465930
0.0258299448
0.0350319743
0.0315210782
0.0423754714
0.0186626483
0.0057714642
0.0854006857
0.0152502544
0.0075530550
0.0213400237
0.0155565105
0.0335689485
0.0493141338
0.0152711067
0.0410103537
0.0619501546
0.0436050519
0.0263599977
0.0486136079
0.2797721028
0.0311423838
0.0257421769
0.0157865770
0.0128292684
0.0170054883
0.0149223506
0.0238090921
0.0163221415
0.0461507104
0.0318135284
0.0424582288
0.0627150014
0.1253857613
0.0295274276
0.0082502058
0.0136031518
0.0546897054
0.0170320291
0.0098505644
0.0125243980
0.1605295390
0.0010359441
0.0135119222
0.0117506841
0.0249684826
0.0414434001
0.0258841105
0.0371313021
0.0150252655
0.1616497040
0.0284969918
0.1046976149
0.0118959779
0.0118127698
0.0577463619
0.0016445888
0.0044078860
0.0218380634
0.0668332726
0.0414995477
0.0505220965
0.0269255079
0.0497901179
0.0615286529
0.0771231279
0.0906530991
0.0444565602
0.0742310062
0.0002795817
0.0192757156
0.0180180408
0.0212755017
0.0355662443
0.0086705657
0.0254959874
0.0041317856
0.0164649244
0.0175983459
0.0118932491
0.0224017072
0.0594425499
0.0911727995
0.0727895945
0.0169459209
0.0413453579
0.0566995144
0.0618328899
0.0832298622
0.0300177205
0.0195074473
0.0969569013
0.0167607348
0.0215922464
0.0468129590
0.2701162398
0.0097571965
0.0149649009
0.0281732213
0.0215373337
0.0536060259
0.0392800495
0.0082529802
0.0347249433
0.0398779176
0.0098732943
0.0127262473
0.0287003908
0.0308893491
0.1638005525
0.0509517677
0.0252409652
0.0263659488
0.0275179092
0.0085364487
0.0096910167
0.0339505784
0.1078234017
0.1128282398
0.0171193350
0.0022082343
0.0271281376
0.0280544981
0.0150871966
0.0792116150
0.0073065846
0.1626742035
0.0082051791
0.0291337762
0.0829855129
0.0152768875
0.0714852363
0.1434987187
0.0761340559
0.0949589014
0.0282345321
0.0032254769
0.0363999233
0.0766109079
0.0377153270
0.0458550490
0.0184101984
0.0087638563
0.0292660464
0.0200019237
0.0191703755
0.0697524920
0.0000000023
0.0102044204
0.0070243464
0.0191314220
0.0795440376
0.0510508493
0.0337647907
0.0005452309
0.0452142842
0.0389100499
0.0208909903
0.0051604696
0.0081951460
0.0275775008
0.0014442605
0.0579344928
0.0041360143
0.0563857742
0.0845448747
0.0455568358
0.0191788953
0.0157695748
0.0655679256
0.0172945764
0.0335861780
0.0436151139
0.0399595499
0.0158541091
0.0562890694
0.0088696573
0.0408608504
0.0306870062
0.0035265388
0.0386978611
0.1862835735
0.0100265071
0.0017860635
0.0575875565
0.0319443718
0.0246275906
0.0393955372
0.0039798860
0.0165631082
0.0452119596
0.0089046229
0.0741682127
0.1135034263
0.0594266988
0.0178583041
0.0181682538
0.0083123976
