0.0167605933
0.2963474691
0.0476031415
0.0004162950
0.0005276363
0.0000117619
0.0000254731
0.0212023649
0.0015134498
0.0000661490
0.0003821626
0.0002291533
0.0001102433
0.0093121501
0.0006452202
0.0002234830
0.0045663090
0.0826125741
0.0000775374
0.0006859844
0.0000491238
0.0764477178
0.0001163740
0.0000012675
0.0000206749
0.0148570044
0.0000234546
0.0044134604
0.0011558854
0.0004261246
0.0001512625
0.0003773086
0.0001507596
0.0003834862
0.0033253313
0.0002073348
0.1455726922
0.0078999782
0.0075960718
0.0093428176
0.0000358881
0.0003012010
0.0153506752
0.0014062605
0.0005097220
0.0000002478
0.0279747956
0.0000628044
0.9466916323
0.0013289296
0.0101765338
0.0044624107
0.0006735329
0.0007833799
0.0000038926
0.0086051235
0.0323741473
0.0013764689
0.0095411623
0.0128164347
0.0293658357
0.0019864240
0.0002006147
0.0112327067
0.0004158942
0.0058616833
0.0000610622
0.0006341789
0.0002752969
0.0007003680
0.0000001626
0.0001343184
0.0000567694
0.0002462199
0.0355770327
0.0000225231
0.0070279688
0.0035605631
0.0000012063
0.0000005772
0.0001480045
0.0000691948
0.0011441878
0.0079068309
0.0005175706
0.0697323680
0.0000098122
0.0009987954
0.0002901891
0.0000103720
0.0031353007
0.0511407480
0.0001336700
0.0000048457
0.0301069859
0.0008730436
0.0003994354
0.0027657475
0.0000142615
0.0103325648
0.4153566658
0.0010900041
0.0000260252
0.2276455909
0.0008393983
0.0572111420
0.0000521550
0.0000467411
0.0004976570
0.0013159623
0.0095390948
0.0000021904
0.0000086132
0.0005264043
0.0000116389
0.0000557924
0.0000046782
0.0000028514
0.0024690737
0.0006978302
0.0000275183
0.0008510643
0.0430224873
0.0093313670
0.0065939212
0.0000162958
0.0217988919
0.0000042903
0.0024894397
0.0222889613
0.0405489616
0.0258598961
0.0000002513
0.0000226039
0.0003268599
0.0145597169
0.1913875043
0.0182310231
0.0050529381
0.0007207374
0.0000082476
0.0013910249
0.0111085754
0.0138579179
0.0004217017
0.0001168651
0.0000037756
0.0001300577
0.0000199497
0.0643106028
0.0150811104
0.0003606934
0.0015499783
0.0000867212
0.0000069422
0.0001417822
0.0000043777
0.0000146068
0.0068301950
0.0021123143
0.0001924399
0.0005012791
0.0002966631
0.0012974272
0.0001894239
0.0011500157
0.0078598103
0.0000000001
0.0011946361
0.0004816693
0.0006127260
0.0025528690
0.0095221391
0.0000000291
0.0000823808
0.0050535686
0.0008101828
0.0007068863
0.0000107902
0.0002685781
0.0108926743
0.0000002093
0.0000854029
0.0000931245
0.0000215369
0.0009298614
0.0098998351
0.0440404341
0.0016458082
0.0062972382
0.0026292205
0.0003079494
0.0001941841
0.0000243032
0.0000846183
0.0000180678
0.2389175892
0.0000467258
0.0001829378
0.0001064444
0.0000410686
0.0002833309
0.0288155228
0.0228913072
0.0011832251
0.0160704739
0.0000545358
0.0001300949
0.0101170512
0.0041219909
0.0045530419
0.0101387016
0.0007231632
0.0006532360
0.1119874716
0.0000148236
0.6497749686
0.0010208995
0.0016725775
0.8916969895
0.0002051426
0.0017853547
0.0002720669
0.0041191122
0.0012188032
0.0024980060
0.0340655670
0.0059034778
0.0000993862
0.0001522637
0.0003695498
0.0000019269
0.0603444688
0.1167940870
0.0000090274
0.0005110053
0.0000593049
0.0000016847
0.0000009054
0.0000079488
0.0970280096
0.1092644781
0.0013088115
0.1919644028
0.0000374909
0.0002849556
0.0044095190
0.0038865933
0.0102885338
0.0001774791
0.0018685804
0.0084817298
0.0000937615
0.0060239187
0.0173917282
0.0000162995
0.0002838528
0.0043621394
0.0041759694
0.0000375604
0.8283210993
0.0040057190
0.0796590820
0.0183682702
0.0150450952
0.0008800019
0.0014072236
0.0000269796
0.0023916264
0.0000836042
0.0156140476
0.0006501916
0.0000287256
0.0014635761
0.0000349577
0.0435846932
0.0019131220
0.0003318315
0.0000900978
0.0004140484
0.0002713367
0.0000187027
0.1861061305
0.0000045783
0.0000482397
0.0003012708
0.0000829034
0.0001198044
0.0027299917
0.0002568394
0.0066402070
0.0005264271
0.1809554100
0.0005148685
0.0002338019
0.0005127078
0.0002369267
0.0004113363
0.0008838893
0.0000268518
0.4369869232
0.0010932898
0.0026590582
0.0096722171
0.0012487217
0.0000901036
0.0007294602
0.0475875363
0.0002101380
0.0002518825
0.0002885869
0.0000060537
0.0950503871
0.0000704155
0.0277525187
0.0016910905
0.0000013508
0.0040505426
0.0024067974
0.0012058991
0.0000284240
0.0107667316
0.5537692904
0.0000270864
0.0379581414
0.0000001021
0.0002191606
0.0000966044
0.0801803097
0.0000367167
0.0002516492
0.0007820287
0.1244010106
0.0033684224
0.0001202584
0.0037518726
0.0073944102
0.0082985805
0.0000024658
0.0001001810
0.0005132885
0.0004232702
0.0002312528
0.0002435979
0.0001381964
0.0005163791
0.0078665139
0.0000412398
0.2128893435
0.0000095380
0.1743600219
0.0000000566
0.0146763232
0.0101283370
0.0004731865
0.0361396186
0.0001964125
0.0002113706
0.0020447478
0.0004415841
0.0757709891
0.0000049594
0.0000635836
0.0000575323
0.0005953427
0.0006064695
0.0285960194
0.0004142711
0.0000386043
0.0000071112
0.0203880444
0.0001521528
0.0347521603
0.0422088057
0.0000296787
0.0153762018
0.7896599174
0.0000785877
0.0000193916
0.0003457161
0.0016705953
0.0239878334
0.0066990983
0.0000211859
0.0190797150
0.0001767136
0.0016259274
0.0094991140
0.6482518315
0.0001480472
0.0000355253
0.0002039024
0.0005358051
0.0140360110
0.0059144292
0.0027756800
0.2221568525
0.0000036142
0.0000416729
0.0002321275
0.0002074673
0.0001123659
0.0011003405
0.0066034333
0.0017808200
0.1778251231
0.0000144790
0.0000618082
0.0000229795
0.0469479561
0.0000077520
0.0988712162
0.0001961514
0.1226028875
0.0043715416
0.0000215665
0.0002778741
0.0010772343
0.0176263880
0.0000004688
0.0000137499
0.0000093334
0.0000193598
0.0043548229
0.0000013470
0.0340782404
0.0113109583
0.0013701506
0.0085785957
0.7623287439
0.0000006600
0.0034294249
0.0021273124
0.0006255583
0.0000051645
0.0110865012
0.0006788555
0.0002069603
0.0061344979
0.0004066315
0.0000521834
0.0001230248
0.0003711494
0.0000232259
0.0008651121
0.0000105756
0.0015673627
0.0000657238
0.0571812168
0.0000725056
0.0003203554
0.0002506525
0.0000091111
0.0000721615
0.0000590654
0.0128118750
0.2887414098
0.0005916934
0.0001301098
0.0004603833
0.0000670683
0.0011822240
0.0001523941
0.0005685423
0.0006988336
0.5391604900
0.0000789882
0.0088532483
0.0093679540
0.0011775218
0.0040590945
0.0002582311
0.0002379858
0.0047339825
0.0000061208
0.0001071846
0.0004871016
0.0085321879
0.0003153593
0.0001436230
0.1184371114
0.0003437931
0.0972812399
0.0000003922
0.0002368547
0.0335683525
0.0251226723
0.0004151214
0.0004200173
0.0000345033
0.0015937985
0.0000040273
0.0044236695
0.0000455727
0.0056842677
0.0000136136
0.0003813635
0.0006197300
0.0258667935
0.0027179189
0.0046949256
0.0002304898
0.0000647106
0.0000829032
0.0000410047
0.0000827582
0.0164106824
0.0489702001
0.0000005966
0.0000082135
0.0031034152
0.0440278947
0.0000132032
0.0179401059
0.0000472294
0.0005455079
0.0037845876
0.0406307429
0.0045357910
0.0000306118
0.0000019193
0.0001872244
0.1542493254
0.0000254794
0.0023694423
0.0005576254
0.0013929596
0.0002614955
0.0003273052
0.0038910857
0.0004308656
0.4218373895
0.0013547459
0.0478499606
0.0002822622
0.0001725972
0.0001631791
0.0010137119
0.0247346032
0.0000105250
0.0014369724
0.0068079666
0.0021237230
0.0000882177
0.0003416443
0.0003106490
0.0013877975
0.0000089690
0.0004553305
0.0095817596
0.0744915903
0.0000635806
0.0025003310
0.0000361430
0.0028492836
0.1233621463
0.0003434386
0.0001480560
0.0008628211
0.2516068816
0.0022260223
0.0001250371
0.0002381749
0.0059171212
0.0000092842
0.0422582030
0.7841026187
0.0433732346
0.0132917995
0.0000015020
0.0001481280
0.0009443752
0.0001880813
0.0273806229
0.0000981139
0.0000200355
0.0022173021
0.0060683261
0.0027543250
0.0977183655
0.0011902376
0.0004533672
0.0002031347
0.0000008682
0.0011742763
0.0917471424
0.0000011790
0.0000148637
0.0001370476
0.0171362106
0.0000849490
0.0001343089
0.0070649427
0.0023449021
0.0001852868
0.0289647859
0.0000796555
0.0000151069
0.0031287889
0.0001772553
0.0046685161
0.0001323633
0.0014635790
0.0000018571
0.0000729707
0.0001791716
0.0000071183
0.0298417546
0.0000293607
0.1064880937
0.0045329095
0.0001125213
0.0007630316
0.0014884553
0.2379446775
0.0068265982
0.0001564516
0.0150949936
0.0045503709
0.0001708809
0.0009928728
0.0001402506
0.0000037934
0.0000888031
0.0000748581
0.0004168144
0.0000544601
0.0002418170
0.0024625596
0.0004544383
0.0206292048
0.0000343175
0.0000840643
0.0002108660
0.0000347866
0.0001847331
0.0009360932
0.0106265564
0.0036484874
0.0230499171
0.0219834894
0.0022369311
0.0045746784
0.0435476713
0.0000993137
0.0047570509
0.0170782171
0.0000006843
0.0000155409
0.0005156379
0.0014260949
0.0000555000
0.0053209327
0.0002354086
0.0023096828
0.0104584806
0.0006088449
0.0000031853
0.3016909361
0.9963394403
0.0000461071
0.0043475409
0.0000207347
0.0002173756
0.0006723644
0.0000099187
0.0001628690
0.0004011738
0.0017394428
0.0000758668
0.0000440978
0.0000122610
0.0011356809
0.0000717823
0.0000413689
0.0036887587
0.0001480790
0.0000363194
0.0001243755
0.0051983558
0.0001713080
0.0001221544
0.0035873535
0.0020320669
0.0049029063
0.0003045056
0.0000267952
0.0000151652
0.0000008527
0.0002834409
0.0049312562
0.0000203732
0.0073184161
0.4669685364
0.0000761019
0.0008290017
0.0211357698
0.0000083602
0.0055230381
0.0194665715
0.0044908291
0.0028838920
0.1284047961
0.0018457667
0.0001933016
0.0000188800
0.0000685230
0.0002698790
0.0000661901
0.0001003821
0.0000691110
0.0035701697
0.0000152821
0.0000011759
0.0005693644
0.0000009206
0.1235875413
0.0043911668
0.0000188226
0.0007432746
0.0006853763
0.0001742618
0.0005430101
0.0004614167
0.0010332040
0.0004081468
0.5712810159
0.0001713948
0.0036909061
0.0083757546
0.0014225588
0.0079082269
0.0004384782
0.1909599751
0.1678200960
0.0000411167
0.0028059648
0.0000038217
0.0014294962
0.0102519067
0.0019841092
0.0000133903
0.0008920638
0.0000032253
0.0005727346
0.0018678477
0.0000146800
0.0003610322
0.0000006661
0.8789866567
0.0003269756
0.0001578468
0.0004557415
0.0019664583
0.0141370213
0.0000015119
0.0000150707
0.0279429983
0.0001079031
0.0003302402
0.0060702967
0.0000193249
0.0000231238
0.0021574127
0.0000046618
0.0003396008
0.0000808476
0.0000086981
0.0191623662
0.0212001484
0.0000872554
0.1021256745
0.0000385277
0.0006078166
0.0000067936
0.1347306818
0.0005069873
0.0000421204
0.0000448332
0.1893112361
0.0087123848
0.0182295386
0.0002722343
0.0021389714
0.0072690342
0.0000000018
0.0000151865
0.0004334779
0.0094307689
0.9219064116
0.0000206775
0.0000039813
0.0108554754
0.0230716802
0.0000702868
0.0000247943
0.1269781291
0.0000256140
0.3630666435
0.0000092678
0.0052463338
0.0331518725
0.0324696228
0.0000115639
0.0000726598
0.0033793254
0.0029267792
0.0000183350
0.0000763877
0.0430242866
0.0137784621
0.0012806668
0.0016897845
0.0233784337
0.0030206738
0.0000698209
0.0000192971
0.0067080688
0.0000475643
0.0000000001
0.0000073442
0.0001372443
0.0030948250
0.0000260059
0.0000365438
0.0009305027
0.0000074340
0.1613530964
0.0010893771
0.0017830245
0.0037015420
0.0264501255
0.0000513044
0.0000252908
0.0000005257
0.0035481586
0.0014167035
0.0024697091
0.0000828981
0.0004800252
0.0000820222
0.0078617707
0.0000503402
0.0529139526
0.0000133443
0.0001274671
0.0004986188
0.0001269019
0.0044460022
0.0002155158
0.0001945651
0.0015775934
0.0084107937
0.0000263103
0.2644620836
0.0001850413
0.0002834096
0.0020427920
0.0002321194
0.0000266752
0.3695396185
0.3154696822
0.0284127910
0.1291575134
0.0005826598
0.0001850309
0.0000973207
0.0000821742
0.0000250926
0.0408056192
0.0001353863
0.0223600790
0.0000165411
0.0004867720
0.0000077127
0.0013778664
0.0000114556
0.0739544779
0.0000033317
0.0161626358
0.0279320516
0.0004124531
0.0000713938
0.0002309306
0.0425750315
0.0048140115
0.0002632863
0.0000945859
0.0004010471
0.0281274077
0.0000201930
0.0000839225
0.0036715707
0.0000009161
0.0000352358
0.0001029030
0.0104397601
0.0003217569
0.0008995231
0.0000904537
0.0004671541
0.0281085446
0.0091658970
0.0000005934
0.0001613065
0.0013128795
0.0011847120
0.0000451621
0.0000293765
0.0021317890
0.9118838906
0.0000051247
0.0000929372
0.0464081615
0.0000030125
0.0214561988
0.0001144927
0.0000253844
0.0030633470
0.1170275509
0.0003290284
0.0379499868
0.0002110917
0.0172203127
0.0000031945
0.0000299635
0.0111990003
0.0000305594
0.0003040759
0.0108984457
0.0022712541
0.0039708968
0.0003974212
0.0397951938
0.0535198897
0.0018686764
0.0000057794
0.0000203341
0.0001665068
0.1651843935
0.0555031709
0.0001086142
0.0352571756
0.0004194364
0.0170302149
0.0111630410
0.0315058753
0.0382721797
0.0000391604
0.0049399282
0.0575733669
0.0319617540
0.0004415197
0.0006029682
0.0004007142
0.0000201482
0.0099236108
0.0092091914
0.0044922191
0.0011447982
0.0176266693
0.0000015697
0.0000912386
0.0400495119
0.2326105982
0.0420864113
0.0026425915
0.7211093307
0.0000436219
0.0072504599
0.0003479749
0.0011904961
0.0000350588
0.2412972450
0.0000155420
0.0000211802
0.0003425144
0.0006036671
0.0022576516
0.0282016005
0.0247133430
0.0004965021
0.0007973649
0.1000503004
0.0001476346
0.0143350018
0.0167792737
0.0050467765
0.0006806458
0.0000001389
0.0002626585
0.8329518437
0.0001086067
0.0001464413
0.0000088306
0.0114344386
0.0013078762
0.0016556239
0.0362001136
0.0045650606
0.0022154313
0.0001217501
0.0002694645
0.0000222365
0.0020149220
0.0000039103
0.0001637841
0.0004255339
0.0013653166
0.0000051933
0.0008599586
0.0103103584
0.1306508482
0.0101244310
0.0004081758
0.0000327411
0.0000869310
0.2238875329
0.0000645950
0.0011264596
0.0001567803
0.0000816752
0.0004986894
0.0498156995
0.0092395311
0.0000062036
0.0000465311
0.0204949621
0.0000231621
0.0028202529
0.0000507774
0.9495960474
0.0372118019
0.0000043369
0.0000594875
0.0036113074
0.0004474071
0.0023851809
0.0001444972
0.0016944830
0.0000015705
0.0000928611
0.0623949282
0.3378739655
0.0022101556
0.0000486768
0.0007843642
0.0000954367
0.0290369745
0.0000946378
0.0000084251
0.0000396249
0.0000086112
0.0047416203
0.0071743312
0.0006670131
0.0091949496
0.0000032327
0.0005265617
0.0005735485
0.0029923934
0.3699041009
0.0039324998
0.0000122157
0.0020240480
0.0002737326
0.0000018390
0.0000004122
0.0001507516
0.0001150945
0.0000071097
0.0000652881
0.0001707112
0.0000003469
0.0000076590
0.0002394959
0.0054366523
0.0000500389
0.0121823819
0.0000223478
0.0003518709
0.1494140327
0.2221633196
0.0002156546
0.0003498096
0.0095549626
0.0002851847
0.0001514436
0.0000066708
0.0064394325
0.0010256486
0.0101861684
0.0000122355
0.0242232420
0.0024226499
0.0220921300
0.0000504078
0.0020141331
0.0000310506
0.0000670885
0.0002336706
0.1156640723
0.0000118897
0.0006714602
0.0004738367
0.0001575840
0.0000020627
0.1191904545
0.1139639318
0.0185926538
0.0043199267
0.0004254388
0.3440493941
0.0020378954
0.0002619317
0.0086235218
0.0291906726
0.0016348090
0.0000882290
0.0019857245
0.0004850329
0.0001138548
0.0000008849
0.0003899217
0.0261315499
0.0008982696
0.0002748155
0.0000921181
0.0013136944
0.2258995026
0.0003654046
0.0000353973
0.1033575237
0.0141376462
0.1948136985
0.0726837590
0.0072274483
0.0039135017
0.0003230587
0.0001215832
0.0758047625
0.0001397482
0.0001310619
0.0000100262
0.0000012826
0.0000784612
0.0558392890
0.0011853306
0.4424802661
0.0031891994
0.0000326452
0.0001384246
0.0013037384
0.1341487020
0.0000935076
0.0002995861
0.0004856541
0.0001048488
0.0001024389
0.0001810462
0.0793481544
0.0000201327
0.0004150710
0.0012012841
0.0005096307
0.0698338971
0.0005262323
0.0000037950
0.0054029394
0.0000078201
0.0091779521
0.0007635393
0.0007120754
0.0052382178
0.0052249362
0.0007954608
0.0008016068
0.0018280960
0.0000554470
0.0006162931
0.0265602246
0.0588049814
0.0000291102
0.0002660580
0.1229588091
0.0009096742
0.0159907471
0.0034942266
0.0038244363
0.0000795502
0.0001877174
0.0003231126
0.0417287052
0.0001070053
0.0062096259
0.0000022917
0.2517614663
0.0022150299
0.0000112254
0.0053781052
0.1004378945
0.0005183326
0.0662520528
0.0000436393
0.0118382955
0.0009249640
0.0372039303
0.0000173709
0.0002640256
0.0001524975
0.0006242837
0.0027233593
0.0135940826
0.0185091179
0.0015104754
0.0020319363
0.0000176767
0.0115879206
0.0002872090
0.0000233565
0.0000045820
0.0004210056
0.0002708092
0.0000896610
0.0281669311
0.0009367683
0.0002091298
0.0752907693
0.0022377379
0.0026042105
0.0308752321
0.0000132681
0.0082081240
0.0011790016
0.0002590480
0.0048446651
0.0000133813
0.0000480609
0.0005783321
0.0003417329
0.0129047437
0.0003435400
0.0001131545
0.0000040528
0.0000287419
0.0245587975
0.0000107299
0.0003472971
0.0003319947
0.0710622370
0.0095537892
0.0006298465
0.0000013916
0.0439457782
0.0031551714
0.0000859154
0.0002010868
0.0003080912
0.0345351137
0.0089716176
0.0017927353
0.0000118253
0.0326973386
0.0098587703
0.2275783718
0.0119220074
0.0003379783
0.0076399860
0.1049805656
0.0002295177
0.0000001609
0.0351374298
0.0101256790
0.0000364052
0.0038948078
0.0000192026
0.1303713769
0.0001802109
0.0526839793
0.0000760764
0.0002359005
0.2473561764
0.0001975356
0.0000019336
0.0000135205
0.0395297892
0.0024455693
0.0000015513
0.0000417938
0.0006877794
0.0000843011
0.1312511712
0.0361252613
0.0006714247
0.0000083417
0.0000160395
0.0000000418
0.0043472811
0.0000037505
0.0151675874
0.0968733951
0.0001063220
0.0052165263
0.0009275454
0.0054941499
0.0407009386
0.0007235010
0.0011619134
0.0097281868
0.0001040836
0.0000117643
0.0000026326
0.0005095515
0.0081277145
0.0003393147
0.0631060079
0.0020567803
0.3131514490
0.0002860667
0.0005493035
0.0000175891
0.0002199953
0.0106992126
0.0001165930
0.0000055539
0.0001740195
0.0004108139
0.0036830308
0.0000871041
0.0092412429
0.0004016539
0.0018179215
0.0002525992
0.0122739114
0.0016478230
0.0129303774
0.0000247812
0.0027405641
0.0000160571
0.0000102440
0.0922425836
0.3701754808
0.0906427056
0.0078411074
0.0004594005
0.0035191164
0.0322682522
0.0026660161
0.0002952309
0.0000842104
0.0003561288
0.0002133405
0.1546237618
0.0000661487
0.0006556298
0.0238748901
0.0105602397
0.0022865662
0.0021292230
0.0001168505
0.0006974509
0.0055153514
0.0013948593
0.0416313969
0.0003186651
0.0001991746
0.0010539030
0.0000031265
0.0000039673
0.0000732729
0.0009540670
0.0074364771
0.0001376493
0.0001244331
0.0757204667
0.0358971357
0.0000917301
0.0000729576
0.0000689055
0.0003498417
0.0000236281
0.0001172136
0.0000439974
0.0016538099
0.0408084206
0.0000065024
0.0124788014
0.0000172562
0.0002261336
0.1604011655
0.0003204287
0.0126073966
0.7236316204
0.0000742845
0.0021029576
0.0079238079
0.0022445535
0.0055713407
0.0006666832
0.0531519316
0.0002145133
0.0000553905
0.0029209172
0.0000637505
0.0075223129
0.0000710392
0.0061233845
0.0420429371
0.0037552763
0.0001623092
0.0016930349
0.0000046226
0.0002722690
0.0003663473
0.0071207206
0.0004452674
0.0000000018
0.0004889111
0.0000605160
0.0000747189
0.0000018575
0.0000007361
0.0093692327
0.0010221642
0.0005118108
0.0000151678
0.0004710653
0.0001239451
0.0002937935
0.1466534585
0.0061306902
0.0001073104
0.0643779635
0.0704866275
0.0016650622
0.0201019570
0.0000351970
0.0201038085
0.0000333848
0.0016970800
0.0039474182
0.0082147960
0.0006509844
0.0053647156
0.0003512254
0.2464465797
0.0001092968
0.0079055671
0.0276894029
0.0005755649
0.0006924206
0.0006627063
0.0001820931
0.0002410817
0.0101470938
0.0019956697
0.0004498031
0.0005794471
0.0000288394
0.0000439637
0.0748865902
0.0003294544
0.0073516984
0.0000836420
0.0000132722
0.0000046902
0.0012024707
0.0001377861
0.0001835961
0.0000876756
0.0000003675
0.0000001513
0.0089135356
0.0141930263
0.0000383990
0.0003826961
0.0007428285
0.0053681158
0.0000005238
0.0000486675
0.0016883074
0.0045541679
0.0001713102
0.0000483990
0.0000934153
0.0000132767
0.0526483394
0.0398133919
0.0049083554
0.0181509145
0.1494926065
0.1890058964
0.0001004596
0.0000258792
0.0000186261
0.0145695712
0.0001965178
0.0000406762
0.0598695837
0.0000409306
0.0000398067
0.0438240618
0.0010734756
0.0665105134
0.0000002470
0.0002240807
0.0189413670
0.0002431607
0.0001242239
0.0000649812
0.0006412306
0.1750831753
0.0003465804
0.0011193558
0.0000408566
0.0013002662
0.0000123159
0.0000325605
0.0056454754
0.0024222799
0.0139880367
0.0000674036
0.0002967225
0.0259439908
0.0001477343
0.0002910089
0.0983207896
0.0009699862
0.0023675167
0.0000693342
0.0167903379
0.0001115510
0.3779713213
0.0000100287
0.8706799746
0.0000726096
0.0000104185
0.0000557211
0.0000912548
0.0006617350
0.7237272263
0.0005601050
0.0754169226
0.0008674315
0.0005667239
0.2573936284
0.0001372256
0.0005510414
0.0000176655
0.0002563244
0.0256585516
0.0000043826
0.0016268403
0.0011790200
0.0000610766
0.0021323438
0.0000512303
0.0209902022
0.0003446524
0.0277204383
0.0157478228
0.0000744398
0.0001280352
0.0026089721
0.0001243587
0.0009154498
0.0002578291
0.0022163887
0.0000373846
0.0051998431
0.0028731264
0.0000133175
0.0000017283
0.0002496837
0.0025171537
0.0290172230
0.0000146717
0.0002125555
0.0027520077
0.0007975491
0.0001636372
0.0015121987
0.0005147353
0.0000122194
0.0000997781
0.0045394357
0.0012667418
0.0100579271
0.0000039109
0.0000056278
0.0001216708
0.0000720025
0.0002843883
0.0279382225
0.0000053749
0.0000609285
0.0060200053
0.0021380056
0.0000069167
0.0000447573
0.0002166196
0.0006678203
0.0000317771
0.0002769302
0.0011023864
0.0000945950
0.0081480285
0.7773461342
0.0013519060
0.0002433579
0.0023548028
0.0000729797
0.0002939207
0.0000228328
0.0003011677
0.0004343569
0.0002313451
0.0000115365
0.0306259301
0.0011822043
0.0023628699
0.0031036187
0.0002909517
0.0066286107
0.0088122785
0.0866747350
0.2077483982
0.0145404087
0.0010220386
0.0000227829
0.0030886007
0.0000057013
0.0037547664
0.0327848941
0.5145388842
0.0001374508
0.0004773287
0.0000293975
0.0011529817
0.0901809633
0.0466501154
0.0002665755
0.0000143364
0.0030847508
0.0000152500
0.2445845455
0.0000114093
0.0780048072
0.0000182623
0.0233238991
0.0000076799
0.0081360033
0.0445127338
0.0021027215
0.0000026755
0.0094345193
0.0005112835
0.0010983084
0.0357136503
0.0000386954
0.0237479005
0.0005235770
0.0093197329
0.0003566997
0.0003004570
0.0002642240
0.0032847764
0.6394574046
0.0083773946
0.0555949844
0.0021713285
0.0616884232
0.0329543091
0.0006694816
0.0121056018
0.0000196534
0.0037959197
0.0000953758
0.0072133592
0.0232327301
0.0000090807
0.0000002727
0.0007645488
0.0000803958
0.0000203621
0.1406870037
0.0001728200
0.0279642288
0.0166150481
0.0033259827
0.0001642442
0.0009304939
0.0002105473
0.0004307552
0.0000871632
0.0018695873
0.0000024386
0.1032501385
0.0103890831
0.1133595929
0.0000002801
0.0000132527
0.0002584424
0.0000179416
0.0002555448
0.0090544298
0.0478682555
0.0018124121
0.7186031342
0.0022034643
0.0163775962
0.0001801858
0.0019067199
0.0598570742
0.0118120853
0.0024964132
0.0003172476
0.0048225992
0.0215154830
0.0004448003
0.0036608933
0.0007479357
0.0000487815
0.2261816859
0.0062671728
0.0000765902
0.0000368054
0.0962735713
0.3489435911
0.0000264479
0.0000344784
0.2517379820
0.0000027038
0.0001497141
0.0111296037
0.0234926268
0.0007385584
0.0232973490
0.0000041845
0.0005345069
0.0000525377
0.0001440754
0.0926749259
0.0000562870
0.1147539690
0.0015775095
0.0000410117
0.0000623176
0.0001361586
0.0000853095
0.0003405207
0.0019165440
0.0206854641
0.0007645743
0.0216017403
0.0079659391
0.0377785452
0.7096461654
0.0018892122
0.1292805076
0.0000085548
0.0028363962
0.0034154071
0.0015828070
0.0000595084
0.0012844689
0.0017689713
0.0001774138
0.0001472084
0.0008248719
0.0198586397
0.0009190106
0.0004285498
0.0610355437
0.0000158281
0.0012345656
0.0000577905
0.1368878633
0.0000037690
0.0003131912
0.0000688586
0.0020733913
0.0010767854
0.0000689570
0.0000158079
0.0000438126
0.0059772893
0.0000164612
0.0635341331
0.0001316253
0.0031046693
0.0669291839
0.5151627660
0.0586930886
0.0000176795
0.0142515553
0.0055891806
0.0006317734
0.0158147030
0.0000443098
0.0000034579
0.0096336743
0.0008632767
0.0000304031
0.2995397747
0.0043630139
0.0000001911
0.0023783748
0.0000316513
0.0192177985
0.0005095155
0.0000471692
0.0000210164
0.0081746224
0.0006108764
0.0002801605
0.1051753461
0.0000942669
0.0394719876
0.0000049250
0.0000166724
0.0000950479
0.0073520280
0.0000911334
0.0071037370
0.0002917706
0.1730823070
0.0003091997
0.0000924740
0.0022382224
0.0000022695
0.0910911262
0.0003443981
0.0016563949
0.7414098382
0.0001346160
0.0000482487
0.1262275130
0.0003939838
0.0008285432
0.0000023466
0.0001722904
0.0032675844
0.0031410167
0.0000595544
0.0266027935
0.0029922356
0.0031131196
0.0000216595
0.0000557385
0.0010495996
0.0003158727
0.0001805406
0.0005213736
0.0000191719
0.1425871253
0.0001786237
0.0279717855
0.0090861274
0.0002870743
0.0001759550
0.0002387406
0.0001488943
0.0000497425
0.0000393773
0.0006426629
0.0030417426
0.0003576971
0.0059701116
0.0000733347
0.0001610195
0.0148761179
0.0305844396
0.0054501737
0.0013721099
0.1443575472
0.0040678517
0.1144453511
0.2455389351
0.0028415476
0.0020774673
0.0006159216
0.0000875902
0.0146647310
0.0470289029
0.0012508646
0.0804138333
0.0009713008
0.0000799899
0.0275346301
0.0914354920
0.0058156182
0.0000078711
0.0002887427
0.0002775317
0.3233551979
0.0002886345
0.0000934266
0.0000836229
0.0011316782
0.0000681817
0.0053040776
0.0001954127
0.0334044248
0.0000234553
0.0038136423
0.0007553775
0.0000057479
0.0007843812
0.0003073338
0.0014037383
0.0008980485
0.1225905418
0.0000750990
0.0041841608
0.0103239380
0.0000011335
0.0000442035
0.0019229853
0.0838485584
0.0038976821
0.0000943274
0.0000138625
0.0000032167
0.0006557823
0.0439709872
0.0000456347
0.0143081518
0.0001787000
0.0002325535
0.0085790949
0.0000800938
0.0008959767
0.0002490118
0.0000207229
0.1015885100
0.0002714560
0.0007607195
0.7265762687
0.0046478556
0.1301002502
0.0024111138
0.0000082238
0.0000172361
0.0044782348
0.0000962964
0.0034982052
0.0003324271
0.0005433881
0.0010519846
0.1176209301
0.0001333516
0.0026022755
0.0501028486
0.0598062128
0.0005198873
0.0393502563
0.0010778476
0.0028230061
0.0026749694
0.0003548089
0.0011007431
0.0000127237
0.0001355329
0.0000026836
0.0217365995
0.0008371749
0.0000837270
0.0241516549
0.0007567656
0.1413572133
0.0009187340
0.0120064672
0.2847688794
0.0002722779
0.0001195990
0.0003689516
0.0638719574
0.0000215861
0.0000882011
0.0003975897
0.0001185410
0.0000319355
0.0001580665
0.0001893971
0.0000287887
0.0457774065
0.0001838557
0.0000855569
0.0047837254
0.0066014659
0.0001746789
0.0000233396
0.0133899078
0.0007575539
0.0000503489
0.0022831745
0.0009716321
0.0002572768
0.0000060846
0.0061436445
0.0037938266
0.0082210414
0.0000533646
0.0001413139
0.3736989796
0.0000125122
0.0033523522
0.0000319466
0.0430291332
0.0000007525
0.0001308595
0.1319007725
0.0000000408
0.0002000144
0.0017500327
0.0000256902
0.0001144871
0.2558258474
0.0002106961
0.0016896824
0.0000438949
0.0049989889
0.0019628056
0.0000310179
0.0252673924
0.0001082256
0.0000238223
0.1883829236
0.0000004058
0.0000578765
0.0010105184
0.0000249096
0.0005250220
0.0000319452
0.0265330430
0.0002747536
0.0067185168
0.0002364494
0.0000533968
0.0000305649
0.0250569582
0.7492187023
0.0000079571
0.0451250933
0.0161806475
0.0013291935
0.0001768134
0.0001504238
0.0000001123
0.0019908813
0.0001239413
0.0135503467
0.0000006449
0.0000263332
0.0110243475
0.0509019196
0.0006400251
0.0164411888
0.0063360659
0.0000135855
0.0127558494
0.0000119544
0.0638110414
0.0000330590
0.0198816713
0.0009084641
0.0003791919
0.0003604374
0.0162949078
0.0009759273
0.0011779217
0.0018036866
0.0000049504
0.0153038967
0.0000012460
0.0001993176
0.0132876532
0.0092224181
0.0002032517
0.0517088883
0.0079667792
0.0010210848
0.0003970391
0.0456969365
0.0001172961
0.0007848694
0.0001216036
0.0110230017
0.0000106829
0.0049658772
0.0001378264
0.0013093811
0.0002260526
0.0055126082
0.0284356717
0.0220801719
0.0033501477
0.0000372624
0.0000599735
0.0129663013
0.0016390504
0.0039990223
0.0007110846
0.0008705266
0.0002822264
0.0000521466
0.0001499918
0.0000218975
0.0164030790
0.0003580814
0.0005525484
0.0010246949
0.0794039816
0.0091593815
0.0082444018
0.0013696443
0.0014165100
0.0003420491
0.0000008910
0.0019901169
0.0000061627
0.0153136933
0.0002565369
0.0003612748
0.0002919947
0.0002766428
0.0000606601
0.0003142369
0.0026777706
0.0004938024
0.0618814230
0.0000000142
0.0000022920
0.0000000441
0.0030012953
0.0014646866
0.0002842837
0.0100876251
0.0000556924
0.0460736006
0.0259018373
0.0000393246
0.0000877883
0.0005806203
0.0004549671
0.0000765531
0.0059809000
0.0001503720
0.0002247999
0.0073468350
0.0051727174
0.0018949927
0.0005384199
0.0000181996
0.0001465267
0.0000859098
0.1711765528
0.0000038154
0.0243778396
0.0011766092
0.0000310199
0.0000035755
0.0006387043
0.0000009507
0.0016749398
0.0011377123
0.0002333275
0.0223655831
0.0000766716
0.0013116046
0.0000434886
0.0000530360
0.1755499840
0.0000419388
0.0037069307
0.0245906617
0.8275541067
0.0011984759
0.0016489413
0.0117808841
0.0415749662
0.0001956999
0.0000828171
0.0734587833
0.0010403190
0.0000359308
0.0000587868
0.0122946184
0.0000233929
0.0000158342
0.3390457332
0.0000721337
0.0018653407
0.0009134072
0.0012573602
0.0069705551
0.0017867413
0.0004212742
0.0002586053
0.0000132129
0.0392663330
0.0001023199
0.0000024151
0.0384147093
0.0222598892
0.0003018493
0.0001096348
0.0018297934
0.0003103571
0.0000541982
0.0010479799
0.1340631992
0.0000074172
0.0006006251
0.0000392331
0.0427418016
0.0001180446
0.0013801949
0.0047580353
0.0003328730
0.0001879138
0.0008060326
0.0012012968
0.0004805054
0.0138584664
0.0072126631
0.0000245922
0.0867017210
0.0000699720
0.0000032476
0.0042448891
0.0503658019
0.0000129441
0.0000136280
0.0026107484
0.0001992661
0.0015465309
0.0001673988
0.0000085957
0.0000061637
0.0022579816
0.0000091552
0.0000488455
0.0004846321
0.0000874334
0.0001383050
0.0009833388
0.0264222007
0.0000145771
0.0000000855
0.0100192595
0.0002725722
0.0000478759
0.1503425837
0.0149596501
0.0004988789
0.1516971737
0.0000089139
0.0000087333
0.0000238208
0.0000304008
0.0161880348
0.0005996724
0.0035113015
0.0398283899
0.0003931712
0.6882954836
0.0000189394
0.0000046311
0.0078760171
0.0000506496
0.1483319849
0.0041218125
0.0000834598
0.0087928828
0.0234660599
0.0026666755
0.9309003353
0.0000041051
0.0053824126
0.0000716677
0.0254629645
0.0002562905
0.0004301001
0.0000966604
0.0466459356
0.0000780710
0.0001658366
0.0002649212
0.0000095686
0.0000434988
0.0029485768
0.0000162077
0.4049751759
0.0000054524
0.8480952978
0.0000441985
0.0570190437
0.0006067635
0.0000749321
0.0245951042
0.0000656685
0.0691932142
0.0000767782
0.0000326344
0.0004343654
0.0019637202
0.0003127309
0.0000061876
0.3797575831
0.0000139937
0.0001210728
0.0092033334
0.2681458890
0.0000911834
0.0000549005
0.0001036896
0.0010352427
0.0160675403
0.0000013200
0.0039975131
0.0014451403
0.0029252630
0.0000007839
0.0059036678
0.1330370754
0.4945387840
0.0003422050
0.0000019331
0.0106935110
0.0806097612
0.0000645518
0.0346024260
0.0000878692
0.0294016208
0.0003405119
0.0084725916
0.0002212695
0.0933211148
0.0000105291
0.0000240216
0.0017058355
0.0007065503
0.6389572024
0.0087706763
0.0011533179
0.0068230177
0.0000556813
0.0011224172
0.0000485133
0.1118047461
0.0006605400
0.0000392775
0.0010704099
0.0000461444
0.0003897211
0.0001130299
0.0996565372
0.0000154804
0.0005225966
0.0006154766
0.0000173057
0.1507264823
0.0000016801
0.1262226105
0.0000417537
0.0037150420
0.0083058821
0.0030009330
0.0114044016
0.0243048482
0.0193825848
0.0017617950
0.0000914329
0.0241467692
0.0000050018
0.0202791225
0.0000347849
0.0000617383
0.0001515175
0.0018109021
0.0000423420
0.0000154726
0.0001167831
0.0000067401
0.4573938251
0.0000724087
0.0028421651
0.0001554166
0.0052598142
0.0000479154
0.0000008383
0.0007744163
0.0000114452
0.1524094939
0.0089314515
0.3320878744
0.0000000772
0.5077214241
0.0000696414
0.0028254166
0.0003036880
0.0438378826
0.0019675132
0.0000087710
0.0011411074
0.0199407954
0.0011576887
0.0101510175
0.0001134667
0.3104879558
0.0383699164
0.0014481023
0.1853072047
0.0006296338
0.0128700156
0.0002635404
0.0076457183
0.0017796846
0.0151396915
0.0328575559
0.0417896956
0.0005339478
0.0000787644
0.0000155513
0.0014299849
0.0001268715
0.0412832312
0.2743528485
0.0001718268
0.0001332644
0.0000006888
0.0000668320
0.0000497031
0.0000066944
0.0002652207
0.0001315570
0.0002986994
0.0013680285
0.0009858895
0.0002989555
0.0093918974
0.0009809770
0.0003038371
0.0022131798
0.0014372749
0.0627244338
0.0147069087
0.0003816286
0.0001888796
0.0002438891
0.0000993308
0.0280719735
0.0000329555
0.6972498894
0.0140752960
0.0505248904
0.0000513046
0.0000874395
0.0000311938
0.0001696754
0.0004516498
0.0134014776
0.0000069312
0.0215846021
0.4391880631
0.0358426757
0.0018458853
0.0003088832
0.0154513633
0.0087768892
0.0526705943
0.0000143264
0.0003946309
0.0008083443
0.0000031909
0.0106741721
0.0131050413
0.0007547213
0.0017352238
0.1633446366
0.0000036594
0.0000328247
0.0707433075
0.0007099386
0.0154881021
0.3099103570
0.0000758216
0.0182984918
0.0847777948
0.0157286189
0.5530737042
0.0366709381
0.0000074252
0.0000716337
0.6781645417
0.0075690956
0.0000897587
0.0001371145
0.0000022906
0.0000033656
0.0032479791
0.0002425975
0.0000496231
0.0016392604
0.0161314271
0.0001002984
0.0010422991
0.0000253717
0.0002786320
0.4135098457
0.0002133565
0.0011515422
0.0000055801
0.0391970649
0.0000032153
0.0008148883
0.0157442465
0.0002747217
0.0004663043
0.1501543969
0.0000176824
0.0002976098
0.0102137150
0.0000014511
0.0188606791
0.0189849492
0.5725153089
0.0010815066
0.0646183863
0.0009514993
0.0000166880
0.0010341461
0.0000121481
0.0171328280
0.2445818335
0.0000062075
0.0000018703
0.0000326227
0.0396625809
0.0013809307
0.0022881953
0.0002394037
0.0000104713
0.0942567363
0.0339422226
0.0177991632
0.8415245414
0.0125480508
0.0016582672
0.0106058912
0.0000234252
0.0003651008
0.0000681563
0.0002956021
0.0110248048
0.0004814053
0.0026503997
0.0001358523
0.0091160489
0.0141722457
0.0000954691
0.0326445103
0.0000239419
0.0000045320
0.0033908221
0.0001036174
0.0006889520
0.2887910604
0.1747306436
0.0208038446
0.0001054988
0.0004461327
0.0004600903
0.0000234725
0.0003168580
0.0259293430
0.0008475549
0.0000300524
0.0294899493
0.1319875270
0.0241895169
0.0442190059
0.0000573192
0.0000009102
0.0020863106
0.0011184925
0.0028980691
0.0014783976
0.0099726273
0.0001015397
0.1084992439
0.0004320071
0.0011279640
0.0404068232
0.0000385530
0.0337632373
0.0000759023
0.0064037726
0.0000121068
0.0013144847
0.0000009311
0.0249900427
0.0164260063
0.0178182293
0.0256360229
0.0000177963
0.0013660294
0.0001658563
0.0146391746
0.0005120731
0.0000000495
0.0068028970
0.0003088417
0.0279181935
0.0039114445
0.0000739290
0.1161128581
0.0001477417
0.2244662046
0.0002672287
0.0028465036
0.0018555544
0.0000006052
0.0000213858
0.0001874033
0.0000037683
0.0001769197
0.0005562315
0.0000023437
0.2151357234
0.0000206692
0.0000339749
0.0001742472
0.0726767182
0.0020615738
0.0000048087
0.1588564217
0.0178401470
0.0009973120
0.0064761639
0.0057216976
0.0007401282
0.0016021759
0.1163760871
0.0000935003
0.0001960791
0.0007321718
0.0047982810
0.0005825059
0.0023254259
0.0000513647
0.0000018582
0.0287824068
0.7957733274
0.0001233940
0.0000599408
0.0009270254
0.0013237729
0.0002772739
0.0000002688
0.0228799507
0.0343347900
0.0009029464
0.0001738547
0.0001240907
0.1842836887
0.0612655766
0.1025561988
0.0000143428
0.0013988913
0.0071863746
0.0000042198
0.0031694963
0.0000115344
0.0000630293
0.0028596215
0.0000155006
0.0387950726
0.0063727614
0.0281741824
0.3011930585
0.0018546672
0.0014791059
0.0029410014
0.0003598328
0.0126579041
0.0000027944
0.0000827326
0.0004158456
0.0001151885
0.0001009192
0.0003580250
0.1226712540
0.0912792757
0.1094237417
0.0000005311
0.0306626130
0.5360630155
0.0022201228
0.0026849182
0.0005517441
0.0000080725
0.0003985201
0.0566918515
0.0001648055
0.0004111977
0.0000009209
0.0002632210
0.0001166863
0.0001069665
0.0020780296
0.0004044659
0.0000275941
0.0000131166
0.2442381680
0.0359820724
0.0000049816
0.4395073950
0.0008984858
0.0000598938
0.2441991419
0.0001846276
0.0285942610
0.0000690928
0.0018195896
0.0000029554
0.1962560266
0.0507851504
0.0000384081
0.0002084376
0.0061683729
0.0002106411
0.0002070225
0.0508938953
0.0016344463
0.0000911050
0.0000014185
0.0002012358
0.2275622189
0.0007338525
0.0000508966
0.0000147019
0.3856260478
0.0006151962
0.0000205042
0.0000085005
0.0001045760
0.0041614752
0.0004162056
0.0065996936
0.0000758034
0.0000947815
0.0000010663
0.0002497732
0.0000107827
0.0001383794
0.0011235217
0.6720983386
0.0715358481
0.0046679042
0.0003125887
0.0168342162
0.0048529133
0.0000291316
0.0003731926
0.0048829261
0.6300932765
0.0000005722
0.4339993298
0.0002682490
0.0007775009
0.0001286032
0.0058847638
0.0071920925
0.0540751331
0.0001371786
0.0005220591
0.0019424417
0.0085447552
0.0000336013
0.0033055281
0.4331324100
0.0002542531
0.0134984273
0.0000014282
0.0001050779
0.0031235537
0.1142835245
0.0003347378
0.0113144526
0.0012294223
0.0213046595
0.0064257947
0.0001179193
0.0000642282
0.0007107506
0.0040857638
0.0000647602
0.0006144069
0.0011954495
0.0092495549
0.0006290409
0.0017277539
0.0003593062
0.0000423777
0.0120805940
0.0229165498
0.0011582993
0.0000048677
0.0000020711
0.0073210350
0.0010183584
0.0064566345
0.0003834862
0.0004083486
0.0003568229
0.0225447584
0.0001791957
0.0009292025
0.0125624230
0.0000161661
0.0005552878
0.0006136154
0.0303097647
0.0273627862
0.0000203082
0.0000092275
0.0039844359
0.0133957658
0.7526748180
0.0045367517
0.0000607809
0.3802882433
0.0015289657
0.0162963159
0.0000138082
0.0000015128
0.0000247478
0.0003085395
0.0002549255
0.0000488812
0.0006542002
0.0000875061
0.0000014398
0.0000447852
0.0109915659
0.0000847547
0.0563768782
0.0077056889
0.0012332046
0.0001251199
0.0011141669
0.0000634308
0.0620227531
0.0001420607
0.0040226500
0.0001661458
0.0142350532
0.0045540556
0.0067150178
0.0006149890
0.0232004523
0.0022406804
0.0006448231
0.0074930107
0.0000620142
0.0003897170
0.0000448432
0.0001104177
0.0008022066
0.0019744271
0.0646162704
0.0000082549
0.1631191224
0.0006798970
0.0000176138
0.0006400827
0.0100952508
0.0747453421
0.0303557087
0.0176093969
0.0000197472
0.0000000019
0.0011822529
0.0155605478
0.0000062254
0.8473573327
0.0024675510
0.0000020215
0.0002023607
0.0000139942
0.0000957951
0.0001415012
0.0000465009
0.0000523759
0.0288150702
0.0000056566
0.0000790077
0.0001274970
0.0000387220
0.0015771234
0.0206549224
0.0000257495
0.0001149033
0.0000005450
0.0000308603
0.6353747845
0.0000171051
0.0020037156
0.0005769391
0.0283152889
0.0005364594
0.0001683615
0.0149257416
0.0001023028
0.0009774780
0.0070512476
0.0218616668
0.0064412965
0.0907105878
0.0002217460
0.0003091847
0.2550850213
0.0000395448
0.3331431448
0.0001015752
0.0096915336
0.0006210429
0.0120393364
0.0001848147
0.0242608599
0.0000644907
0.9401031137
0.0078881923
0.0013870457
0.5125659108
0.0011889583
0.0001523901
0.7020083666
0.0012165380
0.0011327940
0.0000068815
0.0000330213
0.0047248383
0.0000191162
0.0001679010
0.0000016339
0.0125449505
0.0000113018
0.0144931274
0.0048290137
0.0000210591
0.0000003715
0.0000020817
0.0003428287
0.0018610380
0.0000028730
0.0000349367
0.0003405712
0.0000096936
0.0000140285
0.0001925463
0.1435443908
0.0305387080
0.0119641870
0.0007672788
0.0016855017
0.0009079938
0.0025578046
0.0002442545
0.0036914533
0.0005853990
0.0000424010
0.0022014997
0.0019625647
0.0000819531
0.0000318812
0.0011148555
0.0017521548
0.0251906309
0.0005986292
0.0017721207
0.6298465729
0.0000444688
0.0000410147
0.0026911113
0.0015251981
0.0000070149
0.0006011328
0.0634910688
0.0002706819
0.0004316681
0.0002818687
0.0001107012
0.0007466339
0.0000058739
0.0001706839
0.0027924853
0.0004403046
0.0001013310
0.0000090090
0.0958277807
0.0103492728
0.0015035450
0.0296117198
0.0037775536
0.0883614942
0.0341501385
0.0000094402
0.0067062574
0.0004250490
0.0013821457
0.0030817343
0.0011843200
0.0030300424
0.0007541800
0.0000810405
0.0000027729
0.0000536172
0.0000705702
0.0003437611
0.0006718814
0.0000203208
0.0003219472
0.0001768787
0.0003979499
0.0005837354
0.7385089397
0.0000884831
0.0011246434
0.3860378563
0.7626419663
0.0046729939
0.0000601752
0.0001769141
0.0002143046
0.3133345544
0.0011215914
0.0003370789
0.0017501543
0.0018589364
0.0014308739
0.0001740087
0.0011967192
0.0000016441
0.0010936491
0.0324830413
0.0022183182
0.0031324124
0.0012582648
0.0000027771
0.5960209966
0.0001114563
0.0000123988
0.0270441044
0.0000193841
0.0013266273
0.0005014421
0.0002659718
0.0000174196
0.0001271345
0.0000018082
0.0003917465
0.0000305088
0.0035494857
0.0019519615
0.0015173077
0.0026032410
0.0000056566
0.0011713783
0.0201858412
0.0002025514
0.0015015425
0.0005710487
0.0015306904
0.0000197208
0.0034517285
0.0160013232
0.0001280989
0.0050929883
0.0011762792
0.1234238297
0.0004627758
0.0000427686
0.0022329297
0.0000585222
0.0000011296
0.0000100652
0.0079272129
0.0000592215
0.0001522693
0.0000185573
0.0035923407
0.0275589526
0.0000085802
0.0000554096
0.0098420931
0.0000119767
0.0000503996
0.0001721070
0.0000520680
0.0000858453
0.0070823045
0.0000257725
0.0063003036
0.0000515642
0.0000468492
0.0027332599
0.0000984983
0.0000778791
0.0001328408
0.0013370424
0.0029859475
0.8560073376
0.0069127134
0.3543635905
0.0000383060
0.0243605394
0.0001435659
0.0012005972
0.6797339320
0.0010178583
0.0011632197
0.0012331365
0.0677868426
0.0042688404
0.0016059637
0.0003645831
0.0015200597
0.1912003011
0.0132138347
0.0000003603
0.0000039061
0.0001794143
0.0000107016
0.1964187324
0.0000629885
0.0010043547
0.0000968903
0.0034698627
0.0001826820
0.0019956012
0.0004810792
0.0013206576
0.0004774143
0.0000006757
0.0027425494
0.0055917390
0.0179501660
0.0001021005
0.0000601381
0.0048546200
0.0007718760
0.0000598753
0.1834178716
0.0000079276
0.0002829236
0.0005817594
0.0244263522
0.6275813580
0.0051666694
0.0000055797
0.0073313001
0.0015617291
0.0004324962
0.0004881844
0.0146038560
0.0006843947
0.0001871982
0.0026740269
0.0213127863
0.0000813053
0.0001852030
0.0000393740
0.0018908440
0.0004105838
0.0002928098
0.0000021097
0.0000016116
0.0004311041
0.0000221848
0.0000119837
0.0000052074
0.0434361063
0.0000057342
0.0006853819
0.0001060609
0.0007265214
0.0000049751
0.0026545222
0.0005155342
0.0001361118
0.0035359452
0.0000349491
0.0000178656
0.0000193320
0.0000020429
0.0040124953
0.0000431359
0.0225199088
0.0008033304
0.0011921653
0.0000002116
0.0002420096
0.0000291624
0.0000661956
0.0001143052
0.0001502727
0.0893865451
0.0018391800
0.0002031178
0.0639638752
0.2063202858
0.0001083839
0.0002331387
0.0031808170
0.0280518848
0.0000381839
0.0001912002
0.0000103951
0.0299114287
0.0714863315
0.0084779607
0.0022723337
0.0124371145
0.0000228883
0.0011278362
0.0002130281
0.0152359465
0.0001891955
0.0024740538
0.0015143537
0.0001464748
0.0000183265
0.0005858643
0.0001847919
0.0008790583
0.0000133248
0.0015268029
0.0000044834
0.0020222880
0.1842318028
0.0041943812
0.0000180592
0.0005274216
0.0000758619
0.0000702963
0.0057474715
0.0725958794
0.0000760573
0.0008670022
0.0000355778
0.0000187599
0.0000001043
0.0201182012
0.0056085014
0.0028620523
0.0014039864
0.0051390892
0.0003479198
0.0003796555
0.0000011897
0.0000014815
0.0225092378
0.0728934929
0.0000366255
0.0000879879
0.0277733020
0.0910468176
0.0045223827
0.0000683096
0.0003625196
0.0000029378
0.0000359857
0.0000485843
0.0001985209
0.0014843930
0.0007683336
1.0000000000
0.0000044891
0.0062790299
0.0110845417
0.0000146296
0.0000777833
0.0007300569
0.0017561694
0.0000166125
0.0000450704
0.0002042600
0.0008128727
0.0000000154
0.0000210420
0.1122635826
0.0048145549
0.0047725583
0.0002543203
0.0016746081
0.0025769498
0.3193809390
0.0001102139
0.0178773664
0.0000250427
0.1269697696
0.0001839773
0.0003350861
0.0005533187
0.0000022955
0.0021252998
0.0000006478
0.0000242531
0.0000050970
0.0055191973
0.5999785066
0.0095553407
0.0000005214
0.0002399222
0.1260294914
0.0000570087
0.0055280612
0.0000165104
0.0000288652
0.0000051749
0.0000002050
0.0122810751
0.1098228469
0.0013975505
0.0204279777
0.0000259820
0.0005485449
0.0019835306
0.0004717033
0.0000795550
0.0000029184
0.2753301859
0.0002750716
0.0000066959
0.1951076984
0.0000092743
0.0121737886
0.0008522348
0.0078010969
0.0000247518
0.0206860006
0.0016257369
0.0062479973
0.0000293370
0.0000306812
0.0001273823
0.0140814306
0.0127963498
0.0000874316
0.0422227047
0.0001150646
0.0003172988
0.0164108276
0.0000767071
0.2925467491
0.0407706723
0.0000010586
0.0014259469
0.0000842983
0.0001928193
0.0000037314
0.0000368272
0.0000566009
0.0003736001
0.0076558995
0.0135376677
0.0004121682
0.0013830806
0.0000003798
0.0001270622
0.0001792934
0.0000418138
0.0116031617
0.0111331996
0.0000088673
0.0001273571
0.0000039667
0.0002449938
0.0001449049
0.0020969810
0.0000072321
0.0000213833
0.0000408538
0.0050946940
0.0006784949
0.0072381310
0.0000097861
0.0994630232
0.0000744981
0.0000635057
0.0001525322
0.4830853045
0.0000310903
0.0020424353
0.0000034593
0.0001809642
0.0019825490
0.0000058390
0.0155878020
0.0000006085
0.0058612027
0.0000769089
0.0013887606
0.0000010216
0.0001418792
0.0005460914
0.0000490007
0.0919623375
0.0039534820
0.0000004795
0.0022335555
0.0005390288
0.0000007695
0.0016097336
0.0000875198
0.0540237650
0.0014967851
0.0002155541
0.0262468234
0.0000220380
0.0000084867
0.0159435384
0.0000071281
0.0000274543
0.0002568195
0.0001460457
0.0701065660
0.0000652815
0.0000068905
0.0049649114
0.0093201911
0.0367703214
0.0000662863
0.0000109592
0.1454993188
0.4549102187
0.0012234686
0.0077842288
0.0071222349
0.0001444084
0.0000567348
0.0000014942
0.0357579328
0.0000003541
0.0002994299
0.0000033505
0.0000463901
0.0000031339
0.4515696168
0.0001864820
0.0157052577
0.0003245847
0.3221103251
0.0929556936
0.0483363308
0.0000229059
0.0000165801
0.0007498508
0.0004442154
0.0005194425
0.0019220299
0.0693502724
0.0355432034
0.0000144488
0.0067022219
0.0002059711
0.0000667831
0.0001327155
0.0000399445
0.0322138965
0.0272500031
0.0000251352
0.0017445069
0.0007812742
0.0001674960
0.0104508791
0.0233169682
0.0022946463
0.0005360722
0.0001536985
0.0015711160
0.0000007600
0.0005767406
0.0001542402
0.0001796251
0.0000131362
0.0000684886
0.0000000262
0.0003266456
0.0000111132
0.1713349670
0.0003201630
0.0000349613
0.2714783549
0.0000010976
0.0036911163
0.0002489022
0.0012809613
0.0100259967
0.0000178489
0.0013789528
0.1118428558
0.0267804638
0.1205658019
0.0000152312
0.0011820389
0.2058976740
0.0000707574
0.0066199037
0.0466518328
0.0000011913
0.0983407050
0.0000324429
0.0000064967
0.0001710531
0.0072632870
0.0000545275
0.0002795897
0.0108674485
0.0000166216
0.0052081076
0.0012425381
0.3073924780
0.0000844779
0.0001372745
0.0004828070
0.0019450587
0.0000425429
0.0004928662
0.0001912485
0.0000204830
0.0007887302
0.0000350207
0.0000324613
0.0030994331
0.0002714213
0.0000155713
0.0222507734
0.0073102755
0.0004413604
0.0003684850
0.6753459573
0.0012264135
0.0001030251
0.2120159119
0.0003324017
0.0004480892
0.0105330162
0.0004793151
0.0000084251
0.0005123238
0.0005174461
0.0000167885
0.0137678143
0.0007995669
0.0002585013
0.0136160059
0.0063904068
0.0002087240
0.0004766658
0.0000057243
0.0000012386
0.0000602325
0.0004361880
0.0019294213
0.0010127216
0.0000714472
0.0005974923
0.0337896757
0.0713541657
0.0002307677
0.0001314737
0.0000105936
0.0308155138
0.0000899772
0.0001499143
0.0005295684
0.0000142132
0.0001458049
0.0005711020
0.0002119597
0.0387778021
0.0002941175
0.0006139071
0.0242497325
0.0037034296
0.0000858969
0.0001087164
0.0027459043
0.1758753955
0.0001399384
0.0001190011
0.0001238176
0.0000729801
0.0000253114
0.0277481228
0.2511852086
0.0051551387
0.0001247667
0.0001073888
0.0093641840
0.0085568661
0.0008172655
0.0093730446
0.0489563234
0.0001016041
0.0017189371
0.0002082289
0.0006180047
0.0033369702
0.0000016716
0.0001919365
0.1683598906
0.0035758365
0.0002086369
0.0020024707
0.0000313945
0.0000335959
0.0000018223
0.0000313569
0.0014572822
0.0021443712
0.0005957286
0.0403548293
0.0007663071
0.0008912367
0.0001608552
0.0000014807
0.0057070055
0.0833446085
0.0062310258
0.0829867423
0.0012708997
0.0018381762
0.0171957407
0.0199543145
0.0016433233
0.0459649041
0.0001295106
0.0003286648
0.0035402116
0.0012808796
0.0000323335
0.0070905909
0.0007773304
0.0000193770
0.0027458468
0.0731990784
0.0047352631
0.0455228426
0.0384097584
0.0000083763
0.3110325336
0.0051794769
0.0000447926
0.0014617994
0.0764989555
0.0005740498
0.5647982955
0.0019987121
0.0000486550
0.0019427512
0.0006761463
0.0978085995
0.0000002354
0.0003444495
0.0478118472
0.0192235205
0.0733156428
0.0004489907
0.0000201538
0.0000632789
0.0005454159
0.0000668122
0.0048420192
0.0009185931
0.0000013148
0.0009730797
0.0004056890
0.0051771579
0.0017093444
0.0000080948
0.0001076003
0.0003391687
0.0002942850
0.0015189651
0.0006822681
0.0341104567
0.0012376227
0.0539357774
0.0001272379
0.0024179306
0.0173423160
0.2558955550
0.0014271097
0.0001348833
0.0096616130
0.0035126163
0.0000236399
0.0001860641
0.0984370261
0.0000004428
0.0000855006
0.0749115348
0.0216887221
0.0018484672
0.0004161556
0.0002175610
0.0000349483
0.0047703190
0.0002358069
0.0001552886
0.0000739891
0.0115700690
0.0004678622
0.0000275012
0.0000996063
0.0254388861
0.0000616928
0.0213570800
0.0000628630
0.0479747169
0.0000046196
0.0001517419
0.0002812674
0.0001279511
0.0057525560
0.0000344606
0.1452157646
0.0010649455
0.7629122734
0.0016215236
0.0103002917
0.0000151397
0.0002525180
0.0001617121
0.0255743805
0.7848659754
0.0009281389
0.0094383582
0.0002488839
0.0052191950
0.0000297949
0.0000885542
0.0006534720
0.0017381369
0.0000004914
0.0428720526
0.0009060981
0.0029237277
0.0438883677
0.0254473872
0.0000123677
0.0031315191
0.0000022113
0.0000206971
0.0026696445
0.3077711761
0.0003636691
0.0003996344
0.0001090804
0.0038369901
0.0057121813
0.0000197532
0.0004184616
0.0000016462
0.0146611398
0.1445677280
0.3633502722
0.0005752940
0.0007629137
0.0009221872
0.0009643014
0.0003926824
0.0000899662
0.0005537627
0.0074636769
0.0005059598
0.0220317207
0.0015425957
0.0000540860
0.0716399550
0.0043426543
0.0009640749
0.0029881669
0.0043053217
0.0275221709
0.0282363147
0.0000414292
0.0000311465
0.0008604648
0.0000037634
0.0003060125
0.0000513837
0.0001101816
0.0000088059
0.0554104187
0.0005410237
0.0000167358
0.0001828076
0.0242299773
0.0000004358
0.0007257125
0.0000378242
0.0000352084
0.0000447705
0.0000337904
0.0000000783
0.0012062530
0.0000983173
0.0147880260
0.0000093834
0.0125259208
0.0103945965
0.0199008528
0.0002149095
0.2805487812
0.0000271647
0.0007871962
0.0000052761
0.0000426011
0.0000458785
0.0367777608
0.0257697031
0.0000322910
0.0000136904
0.0062267049
0.0000114691
0.0006702936
0.0003107873
0.0000034773
0.0976073295
0.0024135557
0.0000539050
0.0009273391
0.0031984751
0.0000612121
0.0000064327
0.3025642633
0.0008227841
0.0000002524
0.0026135310
0.0000587917
0.0009720076
0.0118254339
0.0000001203
0.0000236443
0.0006719867
0.0004365432
0.0318855159
0.0014907895
0.4433974624
0.0005750561
0.0016641509
0.0000186176
0.0006098101
0.0000586795
0.0120822163
0.0008441359
0.0002591447
0.0353046805
0.0000083508
0.0000911771
0.0000872750
0.0008791211
0.0001990952
0.0000410078
0.0001768095
0.0000023379
0.0000310441
0.1321455091
0.0016291855
0.0285319965
0.1308830529
0.0035985198
0.0024622409
0.0003732223
0.0005458533
0.0007425330
0.0000220422
0.0000701062
0.0990400463
0.0063399458
0.0540656820
0.0086099533
0.0012282594
0.0007587101
0.0000032683
0.0515578017
0.0094886124
0.0015249874
0.0192067623
0.0000792988
0.0022675486
0.0002696799
0.0094176279
0.0000469569
0.0000168147
0.0000068273
0.0312618203
0.0030181273
0.0002786360
0.0005159092
0.0023449399
0.0005382698
0.0045887097
0.0000049736
0.0011264688
0.0049190992
0.0431747027
0.0047659427
0.0001030960
0.0000401016
0.0000505316
0.0000247974
0.0007033350
0.0000951803
0.1042007506
0.0004486969
0.0000281570
0.0049165417
0.0440239757
0.0000556096
0.0005789346
0.0002330819
0.0000008607
0.0000857035
0.0000073576
0.0624957383
0.0292422958
0.0592240505
0.0000158287
0.0000000000
0.0000644354
0.0000607054
0.0051150098
0.0008980403
0.0018927058
0.0082266536
0.0003716894
0.0012536604
0.0002125738
0.0008755357
0.0001625252
0.0000681555
0.0001491694
0.0032192422
0.0003220368
0.0003850962
0.0000642111
0.0016026405
0.0078284340
0.0000027733
0.0007025523
0.0005661883
0.0376152471
0.0000101307
0.0017194385
0.0154667264
0.0006344833
0.0000454300
0.0160019528
0.0003098510
0.0000892677
0.0076848436
0.0001898341
0.0018047264
0.0000972950
0.0299820490
0.0000153053
0.0000699106
0.0040158564
0.0001616913
0.0002105066
0.0000161903
0.0042069498
0.0004322203
0.0020405750
0.0000523004
0.0001641519
0.0000087633
0.0047628158
0.0000019033
0.0000098200
0.0003014777
0.9551319480
0.4333789647
0.0000063173
0.0004132919
0.0000639736
0.0025787998
0.0002870220
0.0002081796
0.0449359491
0.0133199953
0.0019197820
0.0000116236
0.0000073442
0.0427237116
0.0001708526
0.0000309407
0.0017574163
0.0000124092
0.0000047901
0.0000220696
0.0000110765
0.0031296411
0.0000302927
0.0455673151
0.0085345004
0.2961170971
0.0018076831
0.8220704198
0.0000667294
0.0042729708
0.0010457609
0.0003745952
0.0210493766
0.0068031419
0.0022121209
0.0003281094
0.0028194820
0.0215102788
0.0001304191
0.0000446585
0.0002906008
0.0431976989
0.0012143343
0.0018722928
0.1527875364
0.0005146637
0.0000732771
0.0292085093
0.0006633771
0.0000511481
0.0043475120
0.0004293312
0.0001163842
0.0259015840
0.0209629051
0.0002053363
0.0000039914
0.0000228172
0.0083749145
0.0001761296
0.0000923782
0.1021097526
0.0000725444
0.0002391005
0.0473974422
0.0000154025
0.0572625734
0.0000301262
0.0047628791
0.0004764026
0.0039645592
0.0001793914
0.0063118013
0.0000488096
0.0000383307
0.0914014727
0.0000088346
0.0010930008
0.2340219915
0.0000004218
0.9625047445
0.0001895670
0.0000023512
0.0019239574
0.0003782459
0.0432373993
0.0001770197
0.0019192155
0.0000816894
0.0000335179
0.0044301148
0.0015006163
0.0001133939
0.0472103730
0.0000758051
0.0007959241
0.0001628024
0.0000076369
0.2376048267
0.0000783982
0.0000162345
0.0000709969
0.0010097985
0.0000349638
0.0001715449
0.0002479167
0.0015783537
0.0000416005
0.1461575180
0.0973567665
0.0523677692
0.0089223273
0.0040532271
0.0016711712
0.0025245443
0.0000004262
0.0192519706
0.0026966920
0.0001050772
0.0095412750
0.0012170156
0.0027673445
0.0849199146
0.0043615866
0.0026549944
0.0000073107
0.0028040253
0.0373154618
0.0000397326
0.0057889917
0.0179047883
0.0003080031
0.0000032261
0.0016750633
0.0000340636
0.0017682859
0.0000010792
0.0230957866
0.0001151795
0.0001976956
0.8392964005
0.0001363306
0.0000333760
0.0000037917
0.0000790556
0.0026857697
0.0000008558
0.2967644036
0.0110096298
0.1130343378
0.1396342963
0.0000069130
0.0000537025
0.0000027670
0.0002327052
0.0000123263
0.0017787438
0.0004238326
0.0025530497
0.0000054191
0.0000009619
0.0001592515
0.0000066387
0.0000272562
0.0034719787
0.0451610312
0.0000590920
0.0000030575
0.0000992610
0.0002804935
0.0030677565
0.0239392854
0.0555018149
0.0017531669
0.0018515739
0.9072831869
0.0082191909
0.0000776401
0.0000348543
0.0115903951
0.0020292548
0.0000098098
0.0241172556
0.0014583936
0.0010069371
0.0005182541
0.0000054152
0.0000676853
0.0049735196
0.0000273088
0.1031190977
0.0007671337
0.0011274630
0.0004734540
0.0004215208
0.0000265420
0.0001707412
0.0004300476
0.0805157721
0.0043073809
0.0255030133
0.0000256466
0.0000009407
0.0001322389
0.0004929582
0.0099294167
0.0021639038
0.0003820498
0.0019239758
0.0967542008
0.0000088168
0.0064294674
0.0000038704
0.0008032722
0.0041007353
0.0000417969
0.0017881588
0.0004422240
0.0126484083
0.0013668024
0.0002998161
0.4943594635
0.0000090870
0.0007543561
0.0008523112
0.0088558011
0.0000440249
0.0002816705
0.0019528386
0.0008022602
0.0000207132
0.0000582173
0.0258882698
0.0002290192
0.0316528380
0.0205982234
0.0030848884
0.0398612060
0.0000436318
0.2525278628
0.0156597607
0.1369903982
0.0018180973
0.0000028029
0.0063820835
0.0000120518
0.9086822271
0.0000308959
0.0077438471
0.0037744991
0.0002469700
0.0000685948
0.0374067724
0.0011392409
0.0014554641
0.0004627663
0.0016127365
0.0000426189
0.0000029017
0.0092412736
0.0000689273
0.0043116142
0.0000031787
0.0001166094
0.0002076266
0.0003231474
0.0000474810
0.0002978875
0.0002002604
0.0045006331
0.0000426812
0.0031956818
0.0000281849
0.0057535102
0.0002773569
0.2132191956
0.1503447145
0.0000342466
0.0000655697
0.0000087957
0.0001391718
0.1783778667
0.0030205732
0.0027638725
0.0040196711
0.0000019339
0.0003607886
0.0018552117
0.0009951498
0.0000019159
0.0030920592
0.0691545084
0.0363862999
0.0001748859
0.0000681717
0.0003800192
0.0093615837
0.0010009353
0.0000381095
0.0000268534
0.0000043101
0.0000644342
0.0006036378
0.0000083276
0.0000196672
0.0016400925
0.0000364720
0.0000022360
0.0005110964
0.0000203639
0.0000331664
0.0000237800
0.3086288869
0.0000111912
0.0022396403
0.0000120816
0.0001332191
0.0138218971
0.0029711188
0.1918262392
0.0028087450
0.0114279017
0.0429055728
0.0032623857
0.0744874477
0.0089315781
0.0000086858
0.0000564388
0.1876851171
0.0049550342
0.0069664535
0.2903430760
0.0011916602
0.0001007394
0.0121834427
0.0000035028
0.0000012857
0.0022452071
0.0000017534
0.0005915031
0.0072446680
0.0021887575
0.0000707996
0.0002304204
0.0000025420
0.0044331276
0.0760864243
0.0002029854
0.2772974670
0.0019521408
0.0064883591
0.0000731243
0.0016171326
0.0008764785
0.0000304171
0.8366123438
0.0023567886
0.0004004310
0.0003736106
0.0000306444
0.0000137825
0.0000248274
0.0044394960
0.5736185312
0.0035426787
0.0475351624
0.0377909057
0.0008951512
0.0001072244
0.0000082382
0.0004196845
0.0027588787
0.0659523755
0.0000347563
0.0000323308
0.0011403050
0.0001174525
0.0006392216
0.0003676903
0.0029077702
0.0102698235
0.0442075320
0.0016603012
0.0304707773
0.0002170975
0.0010107630
0.0001255541
0.0000014024
0.0020509281
0.0376363099
0.0000033325
0.0750730783
0.0967216939
0.0006409865
0.0009253968
0.0002805015
0.0011004002
0.0538505949
0.0587111861
0.0003992546
0.0031976253
0.0000251105
0.0000837655
0.0001693006
0.0000090092
0.0000358834
0.0000274085
0.0058288560
0.0001017871
0.0000041341
0.0000380176
0.0022340976
0.0002549695
0.1172152013
0.0004305830
0.0009191670
0.0188822579
0.0000349009
0.0011015241
0.0021322293
0.0005724606
0.0003506242
0.0131687466
0.0428938754
0.0031102914
0.0017197251
0.0000207670
0.0003890876
0.0005148865
0.0001144667
0.0000096650
0.0006728948
0.0002211126
0.0000322764
0.1628037989
0.0001091576
0.0005187634
0.0000980655
0.0000001909
0.0001158647
0.0001370994
0.0001075981
0.0001529852
0.0000708980
0.0002477688
0.0138949417
0.0804830566
0.0057856389
0.0042961231
0.0204879753
0.0000344323
0.0023611183
0.0000003171
0.0006023969
0.0002668460
0.0000571781
0.0000373550
0.0000173133
0.0131288245
0.0134859765
0.0031200498
0.0365116596
0.0000911312
0.0000843824
0.0002143968
0.0005959276
0.0111950729
0.0003358081
0.0315758921
0.0004668096
0.0000090659
0.0002993405
0.0008398331
0.0001454451
0.0416079164
0.0000075415
0.0006508625
0.0420759991
0.0000164594
0.0006216458
0.0000059308
0.0005345555
0.0000020030
0.0002273052
0.0000400318
0.0000212168
0.0000004314
0.0054970398
0.0142315738
0.0000067807
0.0004135526
0.4797518551
0.5735365152
0.0063736974
0.0004238696
0.0003055469
0.0003568461
0.1307677925
0.0006741770
0.0024834068
0.0000862469
0.0002927584
0.0000176743
0.0062672882
0.0183471162
0.0009593415
0.1313218623
0.0022828935
0.0127597516
0.0133705698
0.4440460503
0.0509523340
0.0004764950
0.0051623625
0.0004068296
0.0007736142
0.0000260658
0.0001821013
0.0000453778
0.0000404462
0.0985342339
0.0004410900
0.0215165615
0.0350985900
0.0001018933
0.0008381758
0.0003518186
0.0038336799
0.0000032077
0.0003203288
0.0203877911
0.0008040825
0.0000010729
0.1210926324
0.0001424104
0.0147477034
0.0000566301
0.0000574489
0.0000794884
0.0000370835
0.0000770161
0.0004218436
0.0000659330
0.0013548312
0.0000087738
0.0003180056
0.0000191136
0.0001193418
0.0128570646
0.0000115829
0.0009806247
0.0102086496
0.0612745956
0.0002477317
0.0000002371
0.0001617062
0.0000068890
0.0034190235
0.0000423250
0.0012667888
0.0040389812
0.0002349317
0.0000077202
0.0135581689
0.0000042067
0.0000107857
0.0001079003
0.0014049320
0.0000133517
0.0007947607
0.0001818289
0.0005262849
0.0001388883
0.0003076178
0.0009195169
0.0018138178
0.0000452995
0.0013025512
0.0176862590
0.0002901664
0.0300718732
0.5237969756
0.0000079860
0.0032417283
0.0009504030
0.0002733234
0.0000405761
0.0000054402
0.0000000000
0.0046504415
0.0283424482
0.0000377537
0.0013972379
0.0000410801
0.0028206781
0.0001280680
0.0005149345
0.0401771329
0.0003379496
0.0005967703
0.0001013289
0.0001085109
0.0000232449
0.0004615610
0.0000214154
0.0001945009
0.0007246227
0.0000082963
0.0042364425
0.1715001762
0.0133295748
0.0000905376
0.0010953774
0.0009383069
0.0190362595
0.0032224399
0.0009045661
0.0308634359
0.0001177622
0.0030262922
0.0000418781
0.0024399015
0.0123665920
0.0006931201
0.0021503945
0.0039757635
0.0014971273
0.0023332792
0.1472997963
0.0312164333
0.0020281649
0.0000770514
0.0005002868
0.0003002365
0.0702600107
0.0216601789
0.0014191545
0.0006485002
0.0360416658
0.0093415370
0.0016164229
0.0003027493
0.0404758789
0.0123767247
0.0000922410
0.0005997796
0.0709934309
0.1849405766
0.0202056523
0.0000703216
0.0060213185
0.0001693597
0.0001674494
0.0033500460
0.0323168896
0.0002977503
0.0000672939
0.0000178094
0.0000100865
0.0001565234
0.0246697087
0.0000221814
0.0003406551
0.0000549550
0.0006699931
0.0091109546
0.0004195947
0.0000073107
0.0000109102
0.0013300558
0.0000137747
0.0003766736
0.0103128934
0.0037753792
0.0000824250
0.0007641257
0.0203188285
0.0164924208
0.0000009327
0.0897411257
0.0000642235
0.0000862471
0.0557530113
0.0059980126
0.0000064720
0.0044158306
0.0003910771
0.0002672891
0.0000000001
0.0000764571
0.0000254240
0.0068859481
0.0228568204
0.1322168261
0.0110593662
0.0102398852
0.0499086753
0.9162948728
0.0010111212
0.0000185238
0.0174492281
0.0000052197
0.0000010792
0.0012625074
0.0461568050
0.0000303083
0.0359699838
0.0002627000
0.0269745477
0.0008122068
0.1150195301
0.0641569719
0.0038189034
0.0003904451
0.0009934921
0.0050706821
0.1689068079
0.0129232528
0.0000037420
0.1383994818
0.0006004305
0.0000587643
0.0016292344
0.0000468923
0.0030681754
0.0000194879
0.0100192493
0.0000935493
0.0000842596
0.0457522757
0.0000316027
0.0000441695
0.0001307265
0.0447635725
0.0006631982
0.0000037337
0.3819763362
0.0271758549
0.0003622262
0.0034835930
0.0433437191
0.0003481728
0.0065306742
0.0008929691
0.0002731849
0.0000618412
0.0000525622
0.0048175855
0.0000643105
0.0023264219
0.0006427703
0.0070482437
0.0000749253
0.0036972135
0.0015075756
0.0004698860
0.0000080527
0.0000000000
0.0012712550
0.0008961816
0.0002965225
0.0007865461
0.0000131065
0.0000019372
0.9958172441
0.0001095038
0.0002348022
0.9417605996
0.0092751831
0.0031431662
0.0001092795
0.0000014210
0.0353017524
0.0000683820
0.0001191417
0.0000034814
0.0054158410
0.0000008439
0.0002194736
0.0091061303
0.0950225443
0.0052568209
0.0003032841
0.0919902548
0.0000248833
0.0000090895
0.0000503593
0.0001052926
0.0010810636
0.0035651338
0.0000021873
0.0000549499
0.0001801262
0.0019891493
0.0873447359
0.0005248462
0.6642606854
0.0000037347
0.0000307057
0.0002324241
0.0331006646
0.0000587827
0.0000374260
0.0000031291
0.0010123459
0.0000085481
0.0024640628
0.0001178428
0.0149872275
0.0001681606
0.0065892288
0.0000583012
0.0005616573
0.0719837323
0.0164871626
0.0031651335
0.0002374645
0.0003022492
0.0014067708
0.0000931271
0.0076329149
0.0000010696
0.0261788201
0.0219282974
0.0000788379
0.0000191746
0.0000000001
0.0000582578
0.0000405442
0.0000339386
0.0000147773
0.0017807828
0.0001133247
0.0001755834
0.0036259845
0.0001316809
0.0005141474
0.0294836313
0.0014138778
0.0000726742
0.0006552600
0.0000023211
0.0000249158
0.0033359875
0.0006380381
0.0000027927
0.0002551025
0.0000187165
0.0031008921
0.0080291610
0.0136561356
0.5576880574
0.0000118517
0.0000128410
0.0935085341
0.0006401565
0.0000633011
0.7239737511
0.0000266947
0.0001097510
0.0062870118
0.0011601383
0.0000011656
0.0175210126
0.0000420502
0.0095941797
0.0000113714
0.0000052282
0.0003000111
0.0000086924
0.0752611607
0.0030167615
0.0004868048
0.0001424904
0.0006749214
0.0006705655
0.0000357784
0.0001462263
0.0000118902
0.0000755849
0.0079136863
0.0108071202
0.3829273283
0.0000301540
0.0000211154
0.0028114817
0.0039637364
0.0040676584
0.0000665884
0.0000090507
0.0005125487
0.0000011747
0.0313768163
0.0000048927
0.0000232123
0.0001914362
0.0000515099
0.0001206840
0.0045823124
0.0000017324
0.0033210055
0.2280805707
0.0014174174
0.0017732581
0.0276648831
0.0003388927
0.0000086262
0.0006397387
0.0000206210
0.0000064217
0.0056032655
0.0000566320
0.0012442191
0.0006330754
0.4994148314
0.0023459217
0.0350405686
0.0060867611
0.0016564857
0.0002702436
0.0008433195
0.0000620791
0.0324000083
0.0098921172
0.0000173463
0.0083013205
0.0001720115
0.0064051384
0.0000326871
0.0000125963
0.0002660874
0.0000730874
0.0000305262
0.0000972963
0.0004268607
0.0032594616
0.0008059212
0.0000045673
0.1287847906
0.0061829234
0.0000413962
0.0000947226
0.0000089299
0.0012710480
0.0000329683
0.0006153015
0.0006848788
0.0001082597
0.0090900352
0.0000018977
0.0001335031
0.0000143476
0.0017055429
0.0000281853
0.0001735380
0.0036076186
0.0355149209
0.0165454783
0.0005375328
0.0009104885
0.0494906828
0.0003973347
0.0009218068
0.0760814771
0.0026552128
0.1871751845
0.0000018487
0.0000610857
0.0006486059
0.0000014497
0.0004371204
0.1189212948
0.0000023928
0.0001985106
0.0600161217
0.0002377762
0.0092314202
0.0000000001
0.0001098325
0.0005812403
0.0001781946
0.0007454391
0.0000426450
0.0000345892
0.0000778975
0.0000624794
0.0010112976
0.0016050944
0.0087490268
0.0068344236
0.0001454777
0.0001451572
0.3636308014
0.0005130422
0.0123232855
0.0115347700
0.0000443862
0.0012026065
0.0000239756
0.0017866928
0.0004039904
0.0000189741
0.0000033317
0.0000168247
0.0048597618
0.0162749942
0.0166364331
0.0096188914
0.0046928944
0.0000010909
0.0000447515
0.0009456389
0.0000111995
0.0001280531
0.0517798364
0.0001285799
0.0000144072
0.0001932727
0.0018381770
0.0000081832
0.0025619818
0.0002897702
0.1537708342
0.0000117702
0.0000711937
0.0068714139
0.1001255661
0.0000052235
