0.0608492978
0.0202857275
0.0898889974
0.0370780788
0.0428584069
0.0490852408
0.0225311276
0.0762235299
0.0344264023
0.0823251009
0.0403167792
0.0466921553
0.0113187423
0.0138688963
0.0793863386
0.0280116349
0.0357277207
0.0350451022
0.0125165228
0.0328183360
0.0699723214
0.0396322682
0.0545599796
0.0226529296
0.0232864618
0.3886145055
0.0192429237
0.0891558528
0.0232098140
0.1306476295
0.0187960975
0.0860407948
0.0702291429
0.0491070375
0.0181392841
0.0262810364
0.0355155170
0.0025575382
0.0179310013
0.0993681401
0.0652797520
0.0368778743
0.0668213740
0.0648146197
0.0278323442
0.0173744988
0.0281511638
0.0935239568
0.2068322897
0.0280737188
0.0296281334
0.0191382058
0.0495260917
0.0405634195
0.0167891812
0.0581881851
0.1207240224
0.0523457527
0.0292669982
0.0214974415
0.0241216831
0.0534583367
0.0280659162
0.0298632979
0.0941353366
0.0438119136
0.0613452457
0.0395050608
0.0809312984
0.0227850266
0.0216683690
0.0825481862
0.0924243331
0.0505217649
0.0434807949
0.0316152722
0.1230420321
0.0273242313
0.0639014691
0.0237213336
0.0141442996
0.0534724556
0.0846899003
0.0614589080
0.0171208847
0.0815351233
0.0203005504
0.0556608401
0.0686331391
0.0459483340
0.0847603306
0.0344881602
0.0424889885
0.0337909460
0.1230044439
0.0329108760
0.0900097713
0.0766871199
0.0305491425
0.0238164309
0.0543995984
0.0925906599
0.1813271940
0.0315772705
0.0610754751
0.0613519438
0.0241383724
0.0266288780
0.0303471405
0.1566423476
0.2760662138
0.0413650014
0.0181113593
0.0637802929
0.0270521529
0.0281566493
0.0590974912
0.0171090607
0.0729166269
0.0242343880
0.0986157581
0.0160192605
0.1188390106
0.0288113207
0.0487525240
0.0321368314
0.0321364589
0.0140475892
0.0196805131
0.1128253937
0.1132793874
0.0281200185
0.0651467666
0.0243420899
0.0350754224
0.0140607189
0.0706562549
0.0975145400
0.0135416752
0.0518646985
0.0165618658
0.0214995518
0.0924932882
0.1077433899
0.0320251957
0.0316100232
0.0196542405
0.0744535550
0.0337804146
0.0558878183
0.0695393607
0.0739734173
0.0360234380
0.0635818839
0.0389376432
0.0580081120
0.0493867807
0.0210112389
0.1073896512
0.0392989665
0.0604764298
0.0146324569
0.0814563632
0.2390948981
0.0610033572
0.0912000984
0.0522409156
0.0000000023
0.0430542827
0.1363955289
0.6881284714
0.0255283676
0.0127376541
0.0393879600
0.0566256866
0.0697835609
0.0207448136
0.0538826659
0.0437826589
0.0183076654
0.0537483320
0.0117881922
0.0301272422
0.1800809503
0.0565436706
0.0561610796
0.0469764210
0.0686705634
0.0563337132
0.0918291286
0.0642488971
0.0250089820
0.0347918235
0.0540721565
0.0381982923
0.0167636424
0.0255450234
0.0286690090
0.0522195399
0.0656070635
0.0563997254
0.0516984351
0.3781405389
0.0271468814
0.0326728374
0.0306827892
0.0634144396
0.0729340836
0.0840192437
0.0283359736
0.0625220761
0.0218567792
0.0136754615
0.0162290782
0.0343101546
0.0178829413
0.2069715858
0.1085461751
0.0460904352
0.2612397075
0.0752474293
0.2215668112
0.0334850661
0.0349051170
0.0220736563
0.0470540598
0.0126970680
0.0233165715
0.0443773270
0.0152275637
0.0974956974
0.0875376686
0.1140846536
0.0348003842
0.0374016650
0.0349875987
0.0699268579
0.0329587571
0.0205670465
0.0000000027
0.0329180397
0.0711878464
0.2162816823
0.0109882224
0.1268796772
0.0986461788
0.1072960421
0.1248452067
0.0387808233
0.0249381997
0.0356084071
0.0741260722
0.0256112516
0.0323902257
0.0517096221
0.0149534550
0.0740225762
0.0245653968
0.0400367454
0.0280178748
0.1417565644
0.2773377299
0.0794381127
0.0398168564
0.0562509745
0.0103651136
0.0445105955
0.0553506315
0.1204911843
0.0349041857
0.1180501506
0.0945046097
0.0516750403
0.0307132304
0.0864300057
0.0257330257
0.0658687130
0.0242928304
0.0291388407
0.0732285902
0.0649919212
0.0428197309
0.1133070141
0.0162387956
0.0428122692
0.0583037809
0.0337842740
0.0192051753
0.0681249201
0.0222540218
0.0985225216
0.0366333164
0.0216418859
0.0430742055
0.1463537067
0.0694138035
0.0599536225
0.0331187360
0.0800378323
0.0550793968
0.0217853226
0.1583993584
0.0486427732
0.0378203243
0.0813605189
0.0328639001
0.0711717829
0.0809647068
0.0279436931
0.0513544641
0.1439519227
0.0525069050
0.0526922047
0.0253896229
0.0223111268
0.0395293124
0.0574351586
0.0704708695
0.0431688726
0.0836389363
0.0745136738
0.0591413490
0.0918523371
0.0388707072
0.0494582914
0.0438426062
0.0521410704
0.0450371243
0.0483914316
0.0052808225
0.0480530895
0.0931880847
0.1507779807
0.1187632009
0.0288047474
0.0489942729
0.0138877966
0.0855530649
0.0161635987
0.0829018131
0.0517254211
0.0077371523
0.0336543135
0.0840245113
0.0198986493
0.0278051198
0.2009422630
0.0528572835
0.1552688479
0.0212849788
0.0603953861
0.0302362777
0.0330685489
0.0664916858
0.0296022464
0.0778273419
0.0219368245
0.0425541103
0.0459365956
0.0680803582
0.0642335117
0.0371367671
0.0438905768
0.0951170772
0.0414238386
0.1134309024
0.0752725601
0.0145401899
0.0713430271
0.0267751515
0.1477110833
0.0468636230
0.0069754287
0.0756989941
0.5444560647
0.0750625506
0.1081216857
0.0673099011
0.0787151754
0.0883569643
0.0542534366
0.0848468617
0.0599301085
0.0332664251
0.1272014529
0.0326261744
0.0695872679
0.0154533787
0.0489342175
0.0510713644
0.0390601009
0.0665894225
0.0935999304
0.0139077660
0.0210604575
0.0516285487
0.0419669338
0.0136116194
0.0878097042
0.0492190123
0.0499311350
0.0480045639
0.0877329111
0.0596558712
0.0237067696
0.0921028182
0.0137500521
0.0388584919
0.0290037077
0.0628893897
0.5487664342
0.0240446441
0.1026973799
0.0313046724
0.0792305321
0.1176078990
0.0727020428
0.0705905259
0.0169793312
0.0813164860
0.0250989813
0.0207480527
0.1327191144
0.0421584025
0.0144699896
0.0457629561
0.0549261533
0.0458650626
0.0770744532
0.0424370952
0.0148996571
0.0988928005
0.0219773836
0.0281318985
0.0222683754
0.2320509851
0.0240874030
0.0325509273
0.0989561528
0.0753597915
0.0189845357
0.0344345495
0.0455870219
0.0428906083
0.0746333078
0.0335009880
0.0701997131
0.0002403210
0.0717485249
0.0462115705
0.0154288830
0.0350846425
0.0550709665
0.0285565294
0.0276149381
0.0259891581
0.2332654446
0.0668114945
0.0293960851
0.1285757273
0.0759582371
0.1332372427
0.0304859895
0.5431107879
0.0575563461
0.0323450305
0.0065881959
0.0438438281
0.0694355071
0.0856171921
0.0552057773
0.1157398820
0.0323320590
0.0406687893
0.0283314232
0.0395589210
0.1011992991
0.1154643148
0.0487860031
0.0466742851
0.0569454320
0.0476557985
0.0241401773
0.0244969800
0.0557567887
0.0460392237
0.0339401886
0.0675012022
0.0219917074
0.1158709005
0.0895972475
0.0272062048
0.0586916171
0.0110090887
0.0289006494
0.0184104647
0.0176726449
0.0000000063
0.0423162691
0.0412584133
0.1094380394
0.0460328832
0.0551711321
0.1274259090
0.0364373811
0.0824467465
0.0626503974
0.0238209646
0.0165150054
0.0453592725
0.0634364262
0.0812876150
0.1091891751
0.1251942664
0.0243867617
0.0459260121
0.2446664125
0.0209841765
0.0442130528
0.0422184840
0.0154371867
0.0403009690
0.1322741956
0.0135274073
0.0708756819
0.0652861595
0.0509216860
0.0231773164
0.0319557823
0.0472852737
0.0270786118
0.0142057156
0.0631869286
0.0701329932
0.0236720424
0.0272700246
0.0940258130
0.0726282448
0.0659977645
0.0466168188
0.1107193977
0.0500639267
0.0118938033
0.0547167882
0.0554850549
0.0329071134
0.0778538138
0.0247254316
0.0888529420
0.0899436623
0.1778105497
0.0455656797
0.1801343113
0.0164288562
0.0808541700
0.0503726378
0.0689750686
0.0235943180
0.0747563690
0.2312753797
0.0313597657
0.0536095127
0.0657874942
0.0440064706
0.0240918100
0.0258533303
0.0618701838
0.0998009369
0.0263776332
0.0525426529
0.0405411460
0.0479846038
0.0683278069
0.0625791699
0.0937378183
0.0543536991
0.0608908869
0.0467363559
0.0487094335
0.0441011935
0.0110538015
0.0279956963
0.0481498577
0.0390346944
0.0293019228
0.0360987373
0.0727063268
0.0395103507
0.0354160666
0.0608809441
0.0900766626
0.0272394083
0.1341067404
0.1020102277
0.0441265255
0.0350404680
0.0308907684
0.0327951722
0.0353179611
0.0408120714
0.0628268048
0.0781007856
0.0406910181
0.0209895410
0.0158248357
0.0372688621
0.1284213662
0.0459055826
0.0902181640
0.0511878170
0.2055807710
0.0296532344
0.0458296649
0.0479565822
0.0312955938
0.0648851395
0.0176586099
0.0332717188
0.0741707012
0.0214902703
0.0319879614
0.0405893438
0.0199833028
0.0298231915
0.0110329660
0.0532071404
0.0222462937
0.1700241417
0.0769662410
0.0181402862
0.0586354770
0.0471234918
0.0503004864
0.0531616770
0.0419118777
0.0971514657
0.0359802134
0.0389375389
0.0578924157
0.0915029496
0.0349449590
0.0351180322
0.0455899239
0.0739106685
0.0360141173
0.0391423814
0.0284297634
0.0263365097
0.0169149768
0.0783319846
0.0545832440
0.0149258487
0.0231648758
0.0462958179
0.0809582770
0.0820886791
0.0695713982
0.0256049894
0.0501356870
0.0363844037
0.0631265789
0.0201349016
0.0443573110
0.0559408143
0.0649902672
0.0488327257
0.0776426122
0.0302901547
0.0534257516
0.1751177609
0.0732592121
0.0209041052
0.0260016881
0.1045214608
0.0132793849
0.0418491401
0.1120986193
0.0256723892
0.0278032273
0.0434927382
0.0508314967
0.0503109135
0.0551937409
0.0211609062
0.0240333676
0.0837668255
0.0442471765
0.0443257056
0.0386910774
0.0205846615
0.0224228632
0.0459790267
0.0499551520
0.0573681518
0.1045891270
0.0415776372
0.0452272631
0.0453236848
0.1670750231
0.0643776730
0.0311291963
0.0259458274
0.0817328542
0.0211945139
0.0631624609
0.0288385618
0.0585167557
0.0441360436
0.0091806548
0.0616914369
0.1291626990
0.0747772604
0.1103761569
0.0355068110
0.1085786223
0.0746198595
0.1532693058
0.0341947563
0.0578420833
0.0711726695
0.0678042471
0.0326086618
0.0969622806
0.0360296331
0.0167040303
0.0312104132
0.0406458490
0.0241136365
0.0195865408
0.0681968778
0.0196167827
0.3813646436
0.0389213786
0.0509875715
0.0821666643
0.0479475111
0.0237403214
0.0785643607
0.0000000014
0.0466086790
0.0310615376
0.0461095944
0.0299844705
0.0176434144
0.0327166095
0.0380518436
0.0159923676
0.2034646571
0.0116429320
0.0576069951
0.1007475629
0.0443383940
0.3641459644
0.0293573570
0.1742320806
0.0248117466
0.0324607342
0.0507382564
0.0157364905
0.0254164375
0.0806250870
0.0391162708
0.0268425122
0.0391025096
0.0233938508
0.1157596856
0.0649994612
0.0714084357
0.0156253837
0.0882081613
0.0420899354
0.0616724305
0.0238773040
0.0238625649
0.1235873476
0.2025309801
0.1314811558
0.0229913127
0.0255396534
0.0484465845
0.1317433417
0.0441730022
0.0574556030
0.0410994850
0.0516870283
0.0000039463
0.0823580846
0.0569116399
0.1151950955
0.0200734865
0.0885152966
0.0000000035
0.0619995184
0.1713245213
0.1225516871
0.0959610566
0.0816075355
0.0499013849
0.0241919644
0.0458022840
0.0493768007
0.1343873739
0.0170342568
0.0443475321
0.3752798438
0.0557411276
0.0740771145
0.0236275923
0.0278778728
0.0674907938
0.0636356771
0.2342342287
0.0049118083
0.0408355072
0.0513671041
0.0316277482
0.0345115960
0.0298693273
0.1238306314
0.0000025328
0.0519802049
0.0341611952
0.0435008109
0.0361164324
0.0535074882
0.1096953154
0.0345296971
0.1186224967
0.0691896081
0.0499157459
0.0198194794
0.0275646392
0.0180513542
0.0716121942
0.0521802492
0.0344965532
0.1532147974
0.0187798049
0.0474746227
0.0364694633
0.0742773935
0.2435897738
0.0699362457
0.0181378610
0.0257361941
0.0532849953
0.0501362197
0.0418343320
0.0182845704
0.0374056734
0.0508035347
0.0319669880
0.0474672914
0.0575377680
0.0619393215
0.0582809001
0.0981908366
0.0513304099
0.0830504522
0.0339476019
0.0469743200
0.0587692484
0.0291918367
0.0011926447
0.0169136282
0.0358827561
0.0445588045
0.0351584628
0.0336067080
0.0252786763
0.1068713740
0.0544783846
0.0354929976
0.0137138683
0.0179108437
0.0499582067
0.0406587459
0.0359216705
0.0869201049
0.2185961455
0.0256640948
0.0360479206
0.0264174286
0.1093861312
0.0141724665
0.1356299222
0.0217185933
0.0858279169
0.0336526930
0.1281583756
0.0000018131
0.0318951234
0.0086437315
0.0351716913
0.0348793939
0.0359578170
0.0135012791
0.0034022406
0.0125290593
0.0223305319
0.0227763634
0.1300269961
0.0697889999
0.0472329333
0.0246964619
0.0675461814
0.1473718584
0.0484949201
0.0288796257
0.0345139876
0.0896713808
0.0187690817
0.0213728659
0.0471269749
0.0553503446
0.0564707816
0.0280907955
0.0228258315
0.1127472445
0.0469328649
0.0655164272
0.0327626131
0.0181680284
0.1845496446
0.0096537042
0.0379445404
0.1485625058
0.0431521460
0.0312747546
0.2250393480
0.0528929532
0.0539472699
0.0795138776
0.0404784158
0.1229105294
0.0558074452
0.0573172309
0.0821194574
0.0153590161
0.0557900518
0.0324421078
0.0369201861
0.0266763363
0.0507592261
0.0391631424
0.0140815759
0.0418818928
0.0371639356
0.0625407770
0.0409133360
0.0142903607
0.0493985601
0.0296163298
0.0352305658
0.0639090016
0.0124335298
0.0391470343
0.0475548953
0.0348571353
0.0384084582
0.0724208280
0.1406202912
0.1124183387
0.0168841518
0.1173780486
0.0893920511
0.0530318581
0.0548855066
0.0153885242
0.0274132192
0.0515575968
0.0326055251
0.0379154235
0.0549204722
0.1194696575
0.0470597148
0.0494267941
0.0246110912
0.0669675171
0.0232601296
0.0151238507
0.0320217460
0.0572866574
0.0599853471
0.0660763606
0.1310753524
0.0638481677
0.0191116109
0.0126774358
0.0000319141
0.0989858508
0.0275264978
0.0292908084
0.0400838926
0.0548523478
0.0677145272
0.0466601141
0.0174582060
0.0238569733
0.0211170278
0.0293438509
0.0541766360
0.2225263715
0.1881621182
0.0715710372
0.0715854615
0.1168332398
0.0995529443
0.0759402215
0.0111615043
0.0689003915
0.0044962680
0.0574565344
0.0230869185
0.0927665308
0.0521561727
0.0427128561
0.0449146852
0.0326189287
0.0482743531
0.0964670181
0.0570279434
0.0646182597
0.0562684834
0.0289695747
0.0337740555
0.1499352157
0.0478610508
0.0389136970
0.0176757742
0.0203179643
0.0713876486
0.0356691517
0.0259350929
0.0325404555
0.0600823425
0.0426664278
0.0625608340
0.0756102130
0.0559750125
0.1618496031
0.0197405983
0.0664199814
0.1013109460
0.0184809435
0.0471489467
0.0477471463
0.0629085675
0.0261756182
0.0299320128
0.0241568815
0.0317494683
0.0515531301
0.0124354269
0.0736141205
0.0190619566
0.0540473461
0.0164148305
0.0113717392
0.0150204115
0.0450112410
0.0173743870
0.0253158007
0.0130841769
0.0584358163
0.0732944533
0.0000000006
0.0214611646
0.0321514383
0.0230453257
0.0488796122
0.0513531417
0.0585654527
0.0302414373
0.0204975419
0.0701956078
0.0355358161
0.0248858240
0.1045541763
0.0474252254
0.0250883251
0.0292749628
0.0508444272
0.0150041590
0.0335984528
0.0301666781
0.0512591377
0.0333980359
0.0366453193
0.0202261060
0.0641528293
0.0244340114
0.0622813180
0.1590401977
0.0730200261
0.0639706179
0.0107522411
0.0910044238
0.0841823369
0.0784182325
0.0356112346
0.0990058854
0.0003634070
0.0497254990
0.0207551792
0.0336854644
0.0166255161
0.0378199443
0.1267163903
0.0310580786
0.0992192179
0.0824702010
0.0600371994
0.0550410151
0.1238186285
0.0678256601
0.0260879956
0.0149317458
0.0355486982
0.0259761829
0.0327553377
0.0411411673
0.0326000825
0.0809238851
0.0348174497
0.0314854532
0.0232558884
0.1167271137
0.0951751098
0.0692388117
0.0341671146
0.0124045825
0.1015639752
0.0058383662
0.0588321909
0.0261555891
0.0818948522
0.0876358151
0.0615316592
0.0389932394
0.1346370429
0.1086414829
0.0633422360
0.0675789565
0.0878000855
0.0372326858
0.2531506419
0.0995295793
0.0627860352
0.1166268885
0.0695363134
0.1047689691
0.0568931922
0.2171442211
0.0110475691
0.0325770564
0.0617837422
0.0261602122
0.0494877994
0.0610556155
0.0647928342
0.0793745294
0.0790112019
0.0216461308
0.0284415130
0.0228275713
0.0417307243
0.0125221163
0.0943728536
0.0240498204
0.0471362770
0.1063341573
0.0505028963
0.0646469444
0.0135519020
0.0532403365
0.0498111024
0.0759647489
0.0846544430
0.0179915354
0.0411467142
0.0949544832
0.0888993964
0.0625925139
0.0327030905
0.0556894317
0.0371242538
0.0630498454
0.0464538187
0.0404427052
0.0688050687
0.0245097280
0.0369353555
0.1748690009
0.0435834043
0.0608000904
0.0472389907
0.0411903858
0.1068870351
0.0716983005
0.1135054678
0.0257852003
0.0194475166
0.0357499607
0.1813495904
0.0003883087
0.0245817862
0.0300277602
0.0652691051
0.0199294165
0.0472180508
0.0228117276
0.0421508364
0.0760576129
0.0384632163
0.0660751238
0.0201189201
0.0513857603
0.0363406613
0.0309831761
0.0271840896
0.0400731973
0.0506554358
0.0422365144
0.0300211441
0.0144933946
0.0238954630
0.0765695944
0.0940544158
0.0365621448
0.0550897084
0.0347511917
0.2282344401
0.0505855978
0.0327344611
0.0399426743
0.1061742902
0.0201697983
0.0845892429
0.0915667936
0.1117332131
0.0802019089
0.0188036282
0.0844009966
0.1137027666
0.0116394926
0.0109969005
0.0709092245
0.0171089806
0.0242827106
0.0321979560
0.1402209401
0.0093187727
0.1282978505
0.0291057825
0.0228498876
0.1054833457
0.0628556758
0.0960552767
0.0265775714
0.0957627073
0.0477757156
0.0617542341
0.0980080143
0.0645338669
0.0580880903
0.0310987849
0.0825891867
0.0546859577
0.0709982589
0.0247799568
0.0153789455
0.1968143880
0.1232620105
0.0305988900
0.0335730389
0.1594503373
0.1327009946
0.0423800759
0.0197275300
0.1080198586
0.1158511713
0.0281709246
0.0319872908
0.0537851043
0.1336946189
0.0729577690
0.0132169686
0.0253341589
0.0600664802
0.0581545196
0.0280256476
0.0828253031
0.1039673761
0.0232808664
0.1005406529
0.0769600049
0.0339932144
0.0154162562
0.0840329230
0.0302918945
0.0212321356
0.0751760527
0.0510529391
0.0315673426
0.0443327799
0.0421253666
0.0328343138
0.0363746509
0.0392260328
0.0390620530
0.0298471916
0.0900295377
0.0596526675
0.0856971368
0.0944474936
0.6852082014
0.0192407910
0.0341860354
0.0355370417
0.0375786014
0.0195610747
0.0268381890
0.0528288819
0.0351143219
0.1076663658
0.0304361284
0.0875832960
0.2725320458
0.2941292822
0.0200227164
0.0795199499
0.0709420815
0.0655579641
0.0416528881
0.0579360165
0.0506554693
0.0189001281
0.0307580754
0.0438197739
0.0823586211
0.0950920731
0.0125218406
0.0275959503
0.1206359938
0.0764257386
0.1111732200
0.0233627241
0.0563944839
0.0380466171
0.0568792969
0.0169452690
0.0009155143
0.0375500321
0.0682127550
0.0314030051
0.0248008687
0.0393009558
0.0787601620
0.1065778062
0.0545421392
0.0440911464
0.0561687648
0.0378406569
0.0717852488
0.0988877863
0.0225488562
0.0282597411
0.0255444888
0.0358437002
0.1445057243
0.0353942327
0.0799264163
0.1321134567
0.0932398885
0.0858455747
0.0425914750
0.0894528627
0.0299448818
0.0317649953
0.0461204834
0.0286728218
0.0600633994
0.0596505478
0.0300064776
0.0205098391
0.2940532565
0.1067646965
0.0228528567
0.0725304112
0.0218669325
0.0815911144
0.0344973952
0.0677827746
0.0126285162
0.0767435431
0.0571695268
0.0322447941
0.0169633739
0.1863660961
0.0113905556
0.0532768294
0.0622308403
0.0218686424
0.0699009821
0.1072257236
0.0293498505
0.0184815396
0.0754589960
0.0732946843
0.0455498807
0.0228148960
0.0203128327
0.0283660535
0.1397299916
0.0738198310
0.0002138048
0.0165493656
0.0331427902
0.0153395794
0.0409714952
0.0000000091
0.0093268193
0.0404894315
0.0359211564
0.0361707173
0.0280850474
0.0362467580
0.0311135966
0.0574592352
0.1073089093
0.0229328368
0.0358192250
0.0589227714
0.0188513510
0.0594768561
0.0312702097
0.0494566187
0.1711624563
0.0618206561
0.0347798653
0.0990728140
0.0233991127
0.0241190437
0.0443999767
0.0345604457
0.0350998715
0.0174506754
0.0542851165
0.0403230973
0.0229461640
0.0714948773
0.0460181497
0.0239581447
0.1226457059
0.1464360356
0.1123434007
0.1603421122
0.0682641193
0.0597337745
0.0565556809
0.1002262533
0.0802773312
0.0966683477
0.0448755920
0.0151167354
0.1169661209
0.0210687499
0.1087101921
0.0612659045
0.0332748778
0.0413910933
0.1451872289
0.0311032385
0.0551434755
0.0727859437
0.0420221612
0.2033194602
0.1248085722
0.0567042567
0.0599507354
0.3797240257
0.0567704625
0.0443830788
0.0494435765
0.0372456498
0.0454802252
0.0513665192
0.0559855811
0.0467092097
0.0623303354
0.0868945569
0.1118186936
0.0735053197
0.0375199579
0.0683866292
0.1068928540
0.0385805666
0.0992813036
0.0094803153
0.0495704859
0.0779856741
0.1024269462
0.0225335006
0.0629862398
0.0292121544
0.0341642797
0.0235279202
0.0549490266
0.0582261756
0.0537306182
0.0873251632
0.1057939380
0.0582372360
0.0179324970
0.0517326221
0.0322389752
0.0300085805
0.0887471288
0.0623575710
0.0545107350
0.0289043095
0.0949325040
0.1154561490
0.0990469232
0.0144129880
0.0409419276
0.2008292526
0.2094664425
0.0482628755
0.0390860997
0.0682666078
0.0489622615
0.0943127051
0.2395737022
0.0260454770
0.0217543598
0.0196439363
0.0945600420
0.1976583004
0.0272195134
0.0470237210
0.0737358630
0.0500950329
0.0973322317
0.0273194220
0.0313927233
0.0259505957
0.0318821035
0.0488949865
0.0788278729
0.0418147817
0.0247899294
0.0912702084
0.2165194601
0.0564370118
0.0423802137
0.0154494476
0.0560897551
0.0742714405
0.0678678229
0.0580315180
0.0276083425
0.1247595400
0.0388318598
0.0466847457
0.0184303802
0.1343611181
0.0222642217
0.0514206961
0.0105123920
0.0237864498
0.0668035224
0.0682055280
0.0000000151
0.0547902361
0.0166985728
0.0066847503
0.0201827716
0.0505678952
0.0276330560
0.0769509077
0.0400188267
0.0754580125
0.0890029594
0.0643453225
0.0196661334
0.0671132728
0.0703860074
0.0150548210
0.0356050692
0.0563121177
0.0870058537
0.0389819741
0.0260437466
0.0335943960
0.0152623681
0.0201771110
0.0187687874
0.0428391732
0.0471329950
0.0440423340
0.0491448939
0.2657644153
0.0575733669
0.0804101601
0.0078020636
0.0885385796
0.0989424810
0.0664810166
0.0628846809
0.0284123700
0.0479359478
0.0246433560
0.0408034399
0.0865458921
0.0174069963
0.0524408668
0.0047725807
0.1030092612
0.0240762867
0.0529000051
0.0520172901
0.1118382066
0.0512390397
0.0768010691
0.0671208650
0.0306442529
0.0412888005
0.0287449006
0.0496258251
0.0404473618
0.0355142504
0.0548686199
0.0351196602
0.0571171418
0.0294153690
0.1106291339
0.0674490854
0.1298117489
0.0218322631
0.0369601436
0.0549130850
0.0567003787
0.0923034847
0.0285985004
0.0717029348
0.0597548187
0.0308973826
0.0968284830
0.1034869701
0.0440788455
0.0996996462
0.0352873020
0.0420363136
0.0151669122
0.0317139328
0.0517334826
0.0660379231
0.0151464483
0.0188068114
0.0266364738
0.0712551698
0.0203301590
0.0380097255
0.0294474401
0.0200232808
0.1335736513
0.1113160700
0.0776683167
0.0306418743
0.0772584155
0.0779685378
0.0244175363
0.0381447412
0.0608447902
0.0745966956
0.0678501278
0.0284776520
0.0098357806
0.0145629598
0.0177377276
0.0386360548
0.0301154889
0.0364312120
0.1465532482
0.0892696604
0.0685036182
0.0058607608
0.0109463064
0.0161908902
0.0535512008
0.0375041328
0.0952343792
0.0909811407
0.0639526322
0.2266799212
0.0271221846
0.0255910978
0.0311391689
0.0436329097
0.0562238730
0.0736078322
0.0195403397
0.0187875479
0.0286987219
0.0324242711
0.0300831329
0.1124911234
0.0316019282
0.0822174326
0.0804434568
0.0166080855
0.0126506360
0.0270802919
0.0854593664
0.0747519881
0.0578394793
0.0514630191
0.0381555445
0.0727041513
0.0691010728
0.0403001122
0.1365729868
0.0289953146
0.0303917807
0.0299225766
0.0540491492
0.0224392805
0.0208780821
0.0345148072
0.0580444932
0.0293387733
0.0208435375
0.0871695802
0.0907381475
0.1083547175
0.0222174767
0.0656242445
0.1304792762
0.0811333954
0.0644735023
0.0272517689
0.0291465931
0.2949977219
0.0508858971
0.0794230476
0.0378821380
0.0487652719
0.0446923710
0.0527739525
0.3762557209
0.0606667511
0.1240598410
0.0780963898
0.0305336118
0.0886870325
0.0547884554
0.0450974256
0.0813376382
0.0068037994
0.0937156603
0.0373829231
0.0145286210
0.0711695924
0.0570683405
0.0411061943
0.0273046978
0.0358518064
0.3420659006
0.0408716686
0.0376727507
0.0886818469
0.0575156324
0.0564291961
0.0870984718
0.0730259493
0.0520404316
0.0326773673
0.0160895903
0.0650897101
0.1038582548
0.0264801420
0.0808660835
0.0155928237
0.1036343127
0.0281434655
0.0270529632
0.0895354077
0.0534305163
0.1284899116
0.0373348482
0.0805479065
0.0542575233
0.0098939901
0.0235168654
0.1737637967
0.0960068479
0.0858914703
0.0233364198
0.0244209319
0.0348118879
0.0492234528
0.0160355624
0.0920835137
0.0564415865
0.0529306456
0.0192423966
0.0282997806
0.0108629791
0.0200105142
0.0519351624
0.0316754952
0.0351580568
0.0522156805
0.0937011838
0.1134777591
0.0760666654
0.0171727482
0.0419833846
0.0206675772
0.1525434405
0.0689248666
0.0275434107
0.0259184353
0.0223425590
0.1106989756
0.2665809393
0.0449238382
0.0523166135
0.0446415208
0.1178361401
0.0394579694
0.0502893515
0.0193696599
0.0396969654
0.0684790239
0.0489012860
0.2212927043
0.0688381195
0.0934771076
0.0281408578
0.0069713937
0.0270070173
0.0839699954
0.0586035959
0.0662835091
0.0470292531
0.0300805755
0.0441962220
0.3613025546
0.0568214692
0.0366100445
0.0322609283
0.0711800605
0.0404674187
0.0338911451
0.0661646724
0.0337860174
0.0439938754
0.0191115811
0.0068539749
0.0971758515
0.0336989127
0.1040662304
0.0766909420
0.0837538838
0.0584811047
0.0405905508
0.0308389533
0.0916847810
0.0638981611
0.0525035858
0.0327991694
0.0249529779
0.0236495603
0.0432360806
0.0279166270
0.0534357578
0.0276142228
0.0305560827
0.1280719340
0.0709123015
0.0107947858
0.1250739247
0.0540903322
0.1057695523
0.0318375081
0.0268415287
0.0362904221
0.0440374166
0.0758526623
0.0002171474
0.1184011921
0.5107001066
0.0200519152
0.0326733440
0.0819581300
0.0199008081
0.1508783251
0.0160948690
0.0187062342
0.0362043604
0.0729825124
0.0567708611
0.0808881819
0.0714542791
0.0195680894
0.5489308834
0.0840150118
0.1542270482
0.0192296542
0.0172401518
0.1051931679
0.0197233725
0.0297830198
0.0266081337
0.0262808781
0.1018108726
0.0615656823
0.0402052514
0.0831066817
0.0339398682
0.0369684212
0.0247988235
0.1345922202
0.0635186657
0.0234498903
0.0423218645
0.0197495855
0.1940671206
0.0506150201
0.0249875505
0.0584585406
0.0790734738
0.1024576426
0.0798835531
0.0737651587
0.0946010724
0.0300510824
0.0469999239
0.1148041859
0.0176693164
0.0286191441
0.0289956219
0.0327792689
0.0190529767
0.0300206691
0.0276819151
0.0385988243
0.0390635543
0.0712093785
0.0260019563
0.0894126073
0.0405492596
0.0367945693
0.0249033645
0.2637088895
0.0295041986
0.0578179210
0.0433350988
0.0992000625
0.0349105261
0.1484310329
0.1082664132
0.0390525870
0.0741116926
0.0675005764
0.0215017144
0.0479750112
0.1458141953
0.0232761949
0.0447144434
0.0408118591
0.0794817954
0.0691261664
0.0840712637
0.0368203335
0.0731629580
0.0150550408
0.0505263023
0.0616366193
0.0453177430
0.1856912822
0.1224190146
0.0712145343
0.0097146994
0.0216209199
0.0620568879
0.0329804271
0.0443297699
0.1285990030
0.0536160506
0.0180740450
0.0200723484
0.0288783815
0.0433654115
0.0592025034
0.0868021548
0.0134283295
0.0619931519
0.1508227438
0.1321255565
0.0954756066
0.0724006817
0.0379926227
0.0350792408
0.0759620890
0.0320526063
0.0396327041
0.0132911727
0.0545487888
0.0575734787
0.0677819252
0.0264418442
0.0483865216
0.0062416084
0.0364797115
0.0995290428
0.0355879366
0.2300793082
0.0496792421
0.0414185449
0.0641107634
0.0329216830
0.0597197302
0.0051321778
0.0150936022
0.1335418820
0.0130615672
0.0678274706
0.0346792527
0.0280988365
0.0823283046
0.0508274697
0.0334335826
0.0284865182
0.0694440603
0.0265166797
0.0527774431
0.0979740620
0.0550137945
0.0671931282
0.0478529036
0.0117310584
0.1217842624
0.0998639017
0.0000020199
0.0464705601
0.0175914373
0.0706040934
0.1069527641
0.0957983732
0.0281975232
0.0942290127
0.1163945198
0.0940163136
0.1348283291
0.0222536679
0.0585787036
0.0352830775
0.0757956579
0.0308796763
0.0562821999
0.0350068770
0.0300593860
0.0218406133
0.1232452169
0.0221882407
0.0556730106
0.1280999035
0.0589985624
0.0167278163
0.0350006819
0.1299636960
0.0164209753
0.0765212476
0.2049072087
0.0413121879
0.0338888541
0.0786285624
0.2548900247
0.0325802080
0.0511216857
0.0671737343
0.0223108437
0.0642369241
0.0728425384
0.1039341167
0.0527752712
0.0464238338
0.0799589083
0.0266297068
0.2252713591
0.0364974365
0.0447863862
0.0776284114
0.0863537937
0.0182270426
0.0477310196
0.1004812866
0.0523624681
0.0812823400
0.0250450149
0.1090826690
0.1670159250
0.0363744348
0.0733034164
0.0337871723
0.1393251121
0.0362725593
0.0520889983
0.5802175403
0.0165468194
0.1198737845
0.1363391727
0.0417369977
0.0384643525
0.0827260315
0.0343534537
0.0246585701
0.0326984040
0.1480265558
0.0126982052
0.0461302698
0.0518388227
0.0723495632
0.0385306962
0.0415502638
0.0770997480
0.0535913669
0.1266958266
0.0191245098
0.0473591387
0.0000243502
0.0250095520
0.0962062180
0.0155853964
0.0776632950
0.0418354124
0.0401289947
0.0637547150
0.0552059412
0.0199765805
0.0305061657
0.0929993466
0.0600161366
0.0248328131
0.0487280674
0.1407402456
0.0522857942
0.0597253777
0.0412662253
0.0306661204
0.0000000004
0.0462169908
0.0175938290
0.0943046510
0.0770602450
0.2725627720
0.0422883183
0.0519955195
0.0297309998
0.0483589321
0.0295723658
0.0475651175
0.0617138445
0.0351296961
0.1017940193
0.0233287048
0.0414507613
0.0388287455
0.0273363069
0.0273205768
0.0297446363
0.0726391077
0.0952169001
0.0461332500
0.0589982159
0.1063850671
0.0626378655
0.0332721397
0.0746244192
0.0132097127
0.0356711857
0.0748509467
0.0113813449
0.0452304333
0.0410662815
0.0354666524
0.0288510006
0.1231766567
0.0445181727
0.0503002144
0.0834207013
0.0209079031
0.0799019635
0.0680778623
0.0419225916
0.0517597087
0.0197926704
0.2793385983
0.0409422405
0.0157949068
0.0324997380
0.0780987591
0.0315050744
0.0607446320
0.0171855576
0.0282420944
0.0204061083
0.1641707718
0.0915911049
0.0180872008
0.0899620131
0.1405988783
0.1339887083
0.0787926614
0.0190845765
0.0689849257
0.1290507615
0.1313694715
0.0923320949
0.1248299405
0.0375682898
0.0977412760
0.0337959379
0.0208594650
0.0334520936
0.0351909772
0.0300753564
0.0344112068
0.0525793768
0.0236615185
0.0312809944
0.1294541806
0.0375718400
0.0752475262
0.0224879757
0.0345120281
0.0572650209
0.0739334002
0.0000000082
0.0176085625
0.0380323716
0.0504283048
0.0652463585
0.0382753424
0.0622678101
0.1032295749
0.0413429700
0.0353547521
0.0916119739
0.0133759547
0.0180494897
0.0470880792
0.0731674507
0.0688401088
0.0809144899
0.0492600314
0.0339942724
0.0328607187
0.0379174985
0.0387328938
0.0362536795
0.0890025273
0.0322964899
0.0815303028
0.1297037154
0.0396360792
0.0172225721
0.0860218033
0.0957642049
0.0943750367
0.0589475185
0.0374914855
0.0460687391
0.0447795689
0.0148235001
0.0220410507
0.0524677187
0.0743662417
0.0543110184
0.0311378036
0.0805781558
0.0716238990
0.0498953573
0.0237321109
0.0296936017
0.0182870869
0.0210303366
0.0413927175
0.2611350715
0.0137123913
0.0354202427
0.0695551038
0.0195384268
0.0278503615
0.0657101870
0.0489309318
0.0223120842
0.0595371015
0.0481227785
0.0262523275
0.0190451127
0.0826727152
0.0716617033
0.0519046597
0.0770254955
0.0260334630
0.0479521826
0.0393820815
0.0604169331
0.0272985995
0.0123696495
0.0289227236
0.0663359985
0.0419377275
0.0408084057
0.2372270674
0.0397127382
0.0693124011
0.0253707152
0.0899504349
0.0328104645
0.1310762614
0.0614902712
0.0427285470
0.0455446951
0.0281336848
0.0776318535
0.0528092161
0.0340340845
0.0775016099
0.0101588825
0.0635958016
0.0448325984
0.0302194078
0.0262594745
0.0495520569
0.0249277130
0.1145765185
0.0402864031
0.0516208448
0.0147934593
0.0252205748
0.0494820215
0.0170745440
0.0792930499
0.0300006438
0.0160359237
0.0412950329
0.0610850826
0.0701914057
0.0270603057
0.0262729805
0.0165374894
0.0380358957
0.0388259701
0.0678725541
0.1086421013
0.0255138651
0.0211875401
0.0723096803
0.0762352496
0.0839662477
0.0531557351
0.0847218186
0.0438301153
0.0324953310
0.0554471947
0.0352486148
0.0481102094
0.0294682644
0.0591651537
0.0130666578
0.2051765323
0.0280323904
0.0553590544
0.0798126459
0.0420523845
0.0457880311
0.0478190556
0.0262239035
0.0305342190
0.0310426708
0.0862152204
0.0852437988
0.0530003197
0.0686791316
0.1975696087
0.0104329642
0.0564588420
0.0173371658
0.0389744304
0.1008074209
0.0946054086
0.0525432490
0.0428609923
0.0234974809
0.0334386602
0.0731541142
0.0338217616
0.0585292503
0.0722395629
0.0359541550
0.0294249132
0.0964394137
0.1964764595
0.1880868822
0.0451446027
0.0271227509
0.0793490261
0.0832788572
0.1929150373
0.1359818876
0.0332488716
0.0325781628
0.0246762093
0.0744829476
0.0560910031
0.0442880318
0.0215518381
0.0424654856
0.0263909083
0.0063826335
0.0660086498
0.0182236787
0.0048070210
0.0687046200
0.1351274252
0.0294510666
0.0395158716
0.0580164529
0.1500857174
0.0115571637
0.0255487170
0.0309028327
0.0317015164
0.0589297786
0.0719037652
0.1132099107
0.0715109855
0.0734884739
0.0230666455
0.0455961414
0.1282151639
0.0738070384
0.0248906482
0.0523873419
0.0388621539
0.0536087006
0.1439635456
0.0433543660
0.0458672754
0.0494055562
0.0886759534
0.0290937927
0.0467573889
0.0329613239
0.0299085863
0.0660995916
0.0095016891
0.0421524644
0.0267565623
0.0377513655
0.0365760811
0.0672776103
0.0391391739
0.0271127932
0.0315886028
0.0255824197
0.0620464012
0.0593844391
0.0321054347
0.0282238182
0.0125441821
0.0490640327
0.0417338908
0.0286413971
0.0647132769
0.0929663181
0.0364583470
0.1021196768
0.2741996944
0.0221396890
0.0382883362
0.0365994982
0.0252713859
0.0440723374
0.0887009054
0.1235350072
0.5861205459
0.0203842409
0.0271036569
0.0880645066
0.0443081670
0.0773201138
0.0260415822
0.0162991825
0.0773869529
0.0181153882
0.0242986232
0.0179099459
0.0563954711
0.3102183938
0.0314185619
0.0903974548
0.0175688397
0.0085846651
0.0482186154
0.0295485184
0.0490140766
0.0489316620
0.0578230284
0.0827458277
0.0347690210
0.0157682057
0.0956586599
0.0407423861
0.0677609295
0.0307797436
0.0751846880
0.0246367827
0.0328481346
0.0312009435
0.0772489458
0.0449519902
0.0669468865
0.0362224355
0.0362471975
0.0505479015
0.1684189737
0.0198492035
0.0391304642
0.1158924922
0.1145287529
0.0733227953
0.0189160537
0.0205903724
0.0302726794
0.0544349551
0.0890037045
0.1339536309
0.0598640740
0.0213655811
0.0771269053
0.0343877450
0.0468050428
0.0430552252
0.1270793527
0.0636572763
0.0375141166
0.0840791985
0.0415760688
0.0604049675
0.0071984618
0.1005525514
0.0329366885
0.0640447438
0.0833933204
0.0583414100
0.0365018584
0.0950437859
0.0373821072
0.0384076908
0.0274376012
0.0559560172
0.0420573652
0.1116890460
0.0604754798
0.0696129724
0.0415775143
0.1481198370
0.0156318098
0.0238214191
0.0333925411
0.0745540634
0.0304747447
0.0680647641
0.0693204254
0.0418968499
0.0588863343
0.0577760600
0.0381724574
0.0198887382
0.0305417292
0.0332523286
0.0297171380
0.0460255258
0.0742028952
0.0184355918
0.0625604987
0.0611186512
0.0631609932
0.0554531775
0.0327075571
0.0324801430
0.0284209140
0.0391902849
0.0919879824
0.0264887139
0.0213822704
0.1695480049
0.0112326965
0.0410154462
0.0427393429
0.0228505842
0.0055634128
0.0536554828
0.0446709059
0.0218222607
0.0000954341
0.0396807715
0.0392880403
0.0650371090
0.0760751963
0.0412767902
0.0197226498
0.1465801001
0.0316441655
0.0574689172
0.0219651293
0.0399579257
0.0186193846
0.0412601791
0.0732911527
0.0265332200
0.0309194494
0.0209907684
0.0680655092
0.0581119061
0.1805814356
0.1036048084
0.0610461757
0.0260985196
0.0493386202
0.0515521690
0.0453881398
0.1160242856
0.0648647398
0.0454326048
0.0300981794
0.0466418639
0.0000000121
0.0332169905
0.1489054263
0.0178487971
0.1136141866
0.1541103125
0.1160409003
0.0426305011
0.1303952187
0.0188422073
0.0330792367
0.0569275208
0.0287379380
0.0685114413
0.0619064830
0.0920755565
0.0710290745
0.0166307334
0.0490603000
0.0803005099
0.0652896762
0.0503094643
0.0415541753
0.0530952588
0.0698304772
0.0407231823
0.0480596051
0.0194177926
0.0703818649
0.0258195270
0.0441299863
0.0705341250
0.0781429857
0.0284803882
0.0336381868
0.2318462133
0.0768093690
0.0214446131
0.0772422552
0.2362832129
0.0819884017
0.0276468154
0.0602435432
0.0246596877
0.0338044241
0.0280082803
0.0443596356
0.0448389761
0.0354067683
0.0312907211
0.1059670523
0.0328920111
0.0912920758
0.0507092252
0.0264772121
0.0198321901
0.0207336675
0.3029356301
0.0618148558
0.0686522797
0.0746148527
0.0510176532
0.0399123654
0.0547261611
0.0425353199
0.0620425195
0.0200132355
0.0949024707
0.0864906609
0.0877597630
0.0233409181
0.0623860359
0.0430427305
0.0522519164
0.0413337871
0.0290215947
0.0686600134
0.0117152696
0.0469413809
0.0303222798
0.0840816572
0.0139808701
0.0877538845
0.0304718409
0.0717063025
0.0482768193
0.0472633243
0.0239483342
0.0402920432
0.0365129933
0.0215123408
0.0274735577
0.0575702488
0.0329714455
0.0187765751
0.0286766607
0.0332955942
0.0502930693
0.0534214340
0.0350957699
0.1609269530
0.0409191959
0.0131861083
0.0238646064
0.0288336892
0.0849905685
0.0702162758
0.0424829945
0.0498461425
0.0304166265
0.0263416879
0.0389160849
0.0581695475
0.0674346015
0.0388061404
0.0693790838
0.1026077121
0.1703674644
0.0197795741
0.0084875422
0.0168232117
0.0465935804
0.0227608625
0.1896314174
0.0086230161
0.0347146280
0.0213716999
0.0203474145
0.0248179790
0.0468166582
0.2320591807
0.0204002913
0.0535371974
0.0292562488
0.0295426175
0.0655430108
0.0920576453
0.0290556308
0.0606980063
0.0701311976
0.0263058897
0.0422988534
0.1143606529
0.0219748095
0.0473542660
0.0622786917
0.0255161058
0.0646807700
0.0444440208
0.0381955691
0.0198505241
0.0300228950
0.0152120842
0.0240245350
0.0427073017
0.0487192944
0.0219098926
0.0480320901
0.0293960851
0.0682236403
0.0165726952
0.1766966134
0.0845301822
0.0907460302
0.0894713625
0.0792019218
0.0427034609
0.0702462792
0.0296962000
0.0237591490
0.0156810395
0.0326245800
0.0236834902
0.0201045293
0.1723984182
0.0469615571
0.1116339341
0.1074763909
0.0232587084
0.0614911728
0.0372714214
0.0660303086
0.1238041371
0.0320832133
0.0221037306
0.0198032651
0.0127763301
0.3120518923
0.0257540625
0.0348653905
0.1023241580
0.0196435135
0.0316967219
0.0569269396
0.0330884941
0.0260727778
0.0803046897
0.0363360345
0.0496625267
0.0703372732
0.0311625414
0.0366392434
0.0765042156
0.0726049915
0.0087092472
0.0303370673
0.0228401739
0.0369295068
0.0706713796
0.0803817883
0.0263036806
0.0220897514
0.0645785853
0.0272197090
0.0145515846
0.0554157123
0.0552983582
0.0704355016
0.0142609170
0.0307987221
0.0398941524
0.0306642130
0.1287209392
0.0335250869
0.0239866395
0.1530396640
0.0312219951
0.0410565883
0.0779605508
0.0969825909
0.0351762585
0.0250377990
0.0359479599
0.1703209132
0.1330388188
0.0167198181
0.0183127951
0.0363597721
0.0462695919
0.0525024720
0.0000000049
0.0295374151
0.1151135489
0.0299640298
0.0683432743
0.0444008410
0.0302437861
0.0438049324
0.0957514271
0.0150034195
0.0300495457
0.0670298338
0.0478214994
0.0316844024
0.0293583702
0.0230461415
0.0676623508
0.1003153324
0.0696169510
0.0234037712
0.0438861251
0.0970704183
0.0122219641
0.0355709717
0.0665468052
0.0780981779
0.0544223785
0.0763725936
0.0287131593
0.0286890548
0.0838282853
0.1166990921
0.0443181880
0.0375427194
0.0509868562
0.0239075292
0.0482286401
0.1111638024
0.0956735983
0.0644042045
0.0356525332
0.0100392094
0.0343629941
0.0119939744
0.1020013466
0.0713190809
0.0308485124
0.0306401346
0.1222406924
0.0287190136
0.0642789379
0.0676272511
0.0448026173
0.0960390642
0.0356468782
0.0236388613
0.0177360494
0.0209602844
0.1084533706
0.0437030569
0.0151521899
0.0176089257
0.0628258213
0.1007939279
0.0337844156
0.0532756224
0.0410961397
0.2684898973
0.0309775956
0.0216784440
0.0250490792
0.0315733552
0.0829700530
0.0668187141
0.0628198162
0.0320764631
0.0015950340
0.1511697918
0.0539449118
0.0847108886
0.1160396412
0.0528126359
0.0658420026
0.0714542121
0.0337399878
0.0711395591
0.0406542160
0.0170575920
0.1182253957
0.0609653369
0.0848114789
0.0266062375
0.0538915470
0.0213076714
0.0207869336
0.0420823358
0.0523856878
0.0571380742
0.0824219137
0.0639440790
0.0813422874
0.0730052441
0.1062588021
0.1417955458
0.0146613810
0.0918951854
0.0448338948
0.0757615417
0.0201694947
0.0279571842
0.0789087638
0.0729418546
0.0581816621
0.0197335035
0.0321149081
0.0675494671
0.0264698714
0.0556105226
0.0256064888
0.0279805362
0.2260572612
0.0424457565
0.0549545251
0.0306027979
0.0418277010
0.0192045402
0.1456640661
0.0368360467
0.0655039996
0.0086095510
0.0232125260
0.0328976177
0.1454616934
0.0707021952
0.0147308689
0.0409299918
0.0749321729
0.0280065928
0.0516241938
0.0298210401
0.0244260449
0.0305327289
0.3189239204
0.0205824114
0.0361711904
0.0483607501
0.0163747389
0.0876922756
0.0262820181
0.0595460348
0.0337446071
0.0443152785
0.0137397749
0.0853851810
0.3860487640
0.0734475404
0.0850538164
0.0803212970
0.0241766665
0.0479978509
0.0166269895
0.0705052316
0.0379249901
0.1386604756
0.0741329789
0.0235767365
0.0256424211
0.0439078435
0.0366530977
0.1222806945
0.0582277887
0.0145897958
0.0996731967
0.0291739423
0.0600750968
0.0641841739
0.0653920174
0.0293025393
0.0904638767
0.0183181521
0.0353792980
0.0295230672
0.0245418139
0.0307714231
0.1475896239
0.0773698315
0.0178622603
0.0359625667
0.0220444538
0.0651377365
0.0520657972
0.0521079451
0.0208611749
0.0513024628
0.0319328643
0.0209274460
0.0218916200
0.1882658750
0.0824961364
0.0240170565
0.0452218913
0.0107432017
0.0705024749
0.0428828634
0.0419399291
0.0205711871
0.0138505846
0.0536251664
0.0345338807
0.0307301097
0.0774218068
0.0079723252
0.0141235078
0.0206867941
0.0794618204
0.0282492992
0.0366583653
0.0701504499
0.0358416066
0.0309676938
0.1168545261
0.1010469273
0.0117800459
0.0748328045
0.1041771546
0.0705192685
0.0829246566
0.0447661951
0.0154481186
0.0676277578
0.1227657050
0.0508186407
0.0463865362
0.0287284646
0.1780638248
0.0239392612
0.0282482784
0.0240805261
0.0384091772
0.0223106463
0.0659392029
0.0280279964
0.0544512682
0.0408023596
0.0327152386
0.0300246198
0.0250451043
0.0776914805
0.0174402613
0.0257192198
0.0207115132
0.0487027802
0.0124448873
0.0130697396
0.0375293493
0.0636518598
0.0318472236
0.0307462923
0.0114100743
0.0184015278
0.0166899767
0.0428495593
0.0486295931
0.0837520882
0.0279889386
0.0548617840
0.0728695989
0.0437190123
0.0233048368
0.0242858343
0.0691293404
0.0595105961
0.0563516840
0.0398680791
0.0404715091
0.0571236387
0.0405091085
0.0256458502
0.0461778790
0.0238672011
0.0922982767
0.0887454674
0.0346118808
0.0916098133
0.0214767586
0.0196515806
0.0569536909
0.0175638050
0.0857364684
0.0275333673
0.0383246541
0.0641859919
0.0796364695
0.1476171613
0.0311494656
0.0454585850
0.0315418988
0.1212018654
0.0835150555
0.0342717357
0.0209966023
0.0792075545
0.0292977747
0.1078284457
0.0368942395
0.0753156766
0.0142631968
0.0487150066
0.0493125953
0.0226208009
0.1143277809
0.0322253443
0.0559360348
0.0535390936
0.0000000005
0.4311651587
0.0204740297
0.0193914827
0.0256326813
0.0122769354
0.0294459891
0.0480557121
0.0338102765
0.0286841635
0.0135870185
0.0297082309
0.1134748608
0.0452823974
0.0734410211
0.1816891283
0.0302535649
0.0211560223
0.0399962291
0.0061217570
0.1585041136
0.0301985629
0.0971306339
0.0617540292
0.1117974147
0.0278538968
0.0394845903
0.0491393656
0.0448509566
0.0407124460
0.0317220204
0.0402157605
0.0417818800
0.0283107031
0.0221294574
0.0226372276
0.0315887369
0.0632766336
0.0158112366
0.0703585669
0.0159655102
0.0342979990
0.0288267676
0.0215979945
0.0606360957
0.0393540412
0.0158849545
0.0558847599
0.0585377216
0.0369993374
0.2600280941
0.0226436369
0.0520759448
0.0216720793
0.0310576186
0.0789695755
0.0510823429
0.0000008170
0.0538065694
0.0274240468
0.0662835240
0.0379942507
0.0205138735
0.1034040153
0.0130544873
0.0210388936
0.0612592623
0.0399350636
0.0425508358
0.0483574420
0.0284201782
0.1618120074
0.0686607584
0.0186829343
0.0448144972
0.0229197647
0.0162132364
0.0134115554
0.0365103856
0.0577416234
0.1095875651
0.0119814528
1.0000000000
0.0200796686
0.0000000035
0.0571112223
0.0380549878
0.0529406369
0.0283649638
0.0427538790
0.0244093686
0.0344137549
0.0535252877
0.0394029990
0.0440417118
0.0174221732
0.0360518321
0.2456263602
0.0282440446
0.0591388941
0.0731557757
0.0437213741
0.0614066981
0.0205514748
0.0607200228
0.0145734409
0.1017477512
0.1421183348
0.0737234578
0.0757055208
0.0749285221
0.0393187478
0.0672357008
0.0151318153
0.0921071470
0.0335512012
0.0397689566
0.0327356160
0.0267393719
0.0313140713
0.1276364774
0.0335155427
0.0452895500
0.0299822353
0.0309046730
0.0992235020
0.0000000006
0.0636028126
0.0300871283
0.1579161584
0.1024571210
0.0459596105
0.0759159923
0.0404143967
0.0774689764
0.0249572601
0.0371527448
0.0829007998
0.2258747816
0.1035404652
0.1763529181
0.0619185343
0.1005524695
0.0187327079
0.0462194309
0.0224532541
0.0904674530
0.1233270913
0.1119216233
0.0414442681
0.0488739349
0.0467996188
0.0382243693
0.0807015672
0.0241038743
0.0619990900
0.0237732343
0.0603576265
0.0442401730
0.0276872944
0.0600837059
0.0164493639
0.0185516048
0.0322545730
0.0397696495
0.1016162187
0.0523850024
0.0646484718
0.0479350612
0.0337401666
0.1024620086
0.0298424233
0.0297628697
0.0445649587
0.0361024402
0.0687382817
0.1094841510
0.0324289128
0.0461786240
0.0959472209
0.0266566202
0.0350928977
0.0369346179
0.2745941579
0.0478117689
0.0212266948
0.0219438449
0.0401902497
0.1212868616
0.0379736833
0.1019980460
0.0761578530
0.0497995913
0.0519241095
0.0457852893
0.0471770167
0.0261567347
0.0306123476
0.1459726840
0.2593726814
0.0219147522
0.0576732531
0.0533003025
0.0358879045
0.0683940724
0.0417298004
0.0548181348
0.0419684947
0.0327459127
0.0397676378
0.0303411968
0.0250128843
0.0495011918
0.0451995805
0.0400132947
0.0000529131
0.0423073545
0.0455836803
0.0424521752
0.2068386972
0.0277636647
0.0176573694
0.0226405337
0.0205854774
0.0722329691
0.0462606065
0.0341622755
0.0749251172
0.0151092056
0.0555779114
0.0668459535
0.0177333094
0.0546936877
0.0191693865
0.0085995402
0.0467035510
0.0136234947
0.0440474376
0.0725934207
0.0331688747
0.0729751587
0.0581217259
0.0575342961
0.0264015589
0.1025702208
0.0837777853
0.0251698084
0.0255302861
0.0180367343
0.0153120114
0.0069031515
0.0721090734
0.0255911276
0.0130465962
0.0200894941
0.0251601562
0.1044371352
0.1526714861
0.0205522459
0.0576366447
0.0620873123
0.0436638407
0.0422458127
0.0617817901
0.0181159452
0.0425843038
0.0253150277
0.0113579016
0.0637901500
0.0771101788
0.0385853685
0.1127165556
0.0324293077
0.1037369370
0.1882230341
0.0580868535
0.1019413024
0.0572237298
0.0444919504
0.0374161564
0.0228670184
0.0142355151
0.0428966023
0.0098089324
0.0483783111
0.0176973641
0.0912265703
0.0077420012
0.1024687886
0.0339695551
0.1421968937
0.0405678637
0.0373441614
0.0340870321
0.1372785270
0.0800968111
0.0429633744
0.0765154809
0.0562606566
0.0465655290
0.0223095808
0.0363115817
0.0420075767
0.1367796212
0.0535232797
0.0142610241
0.0273606330
0.0407883525
0.0883314386
0.0316190720
0.0837057456
0.0159444362
0.0231597107
0.0769142061
0.1017864943
0.0252001230
0.0358403511
0.0651961863
0.0506573245
0.0350039117
0.0768746808
0.0652469695
0.0216779429
0.0619687550
0.0498925000
0.0249347463
0.0266689751
0.0323389135
0.0353296772
0.0292120110
0.0101798391
0.0406247936
0.0275689419
0.0250191242
0.0314639397
0.0355128050
0.0786828846
0.0315926149
0.2833171487
0.0254298616
0.0679220632
0.0159919839
0.1193059161
0.1289330274
0.0891661122
0.0473780259
0.0564392917
0.0471276455
0.0880233496
0.0306978300
0.0744273216
0.0465898402
0.1334896535
0.0482166894
0.0715282783
0.0137431473
0.0346441865
0.0346309356
0.0196945984
0.0400813222
0.0337343998
0.0179227311
0.2192539573
0.0209965762
0.0430907384
0.0379740410
0.0436386764
0.0317485668
0.0538466312
0.0484278388
0.0460272953
0.0187285524
0.0113570020
0.0444758274
0.0898907557
0.0107362717
0.0381049588
0.0747662783
0.0208309926
0.0094356611
0.0698390082
0.0389099866
0.1171294153
0.0909927711
0.0423167460
0.0287960935
0.1647518426
0.0559220091
0.0386505611
0.0217953902
0.0180707704
0.0204301178
0.1178774238
0.0282274224
0.0181970950
0.0599441603
0.0320101008
0.0614576265
0.0245342012
0.0450965464
0.0194993056
0.0112016937
0.0536242239
0.1142298877
0.0089067891
0.0191721916
0.0327904746
0.1943032891
0.0358964652
0.0402253866
0.0252732635
0.0293007083
0.0279946011
0.0362790190
0.1277481765
0.0340664797
0.0400553904
0.0638332888
0.0792881548
0.1449564099
0.0500385389
0.0586524121
0.0836960152
0.0706061274
0.0262818765
0.0212988388
0.0380013809
0.0637241155
0.0325275473
0.1422403157
0.0288391709
0.0214549731
0.1314025223
0.0395745970
0.0209665019
0.0172905475
0.0603594668
0.0582699887
0.0282701906
0.0154831372
0.1121982858
0.0827187225
0.0438442342
0.0277756974
0.0153960325
0.0194911417
0.0268656537
0.0419675000
0.0262557510
0.0173297990
0.0484185331
0.1255129278
0.0281679034
0.1105961800
0.0797768608
0.0322241783
0.1103875041
0.0684579313
0.0535066873
0.0271852612
0.0447278917
0.0250552427
0.1874180436
0.0338521972
0.0663760006
0.0324402228
0.0264193378
0.0165271163
0.0241080578
0.0374528840
0.0232302491
0.0406133309
0.0589622408
0.1128082201
0.0777239129
0.3068568408
0.0301320665
0.0193060990
0.0659885183
0.1074129194
0.0264151078
0.0706698447
0.0974915475
0.0276893973
0.0306964833
0.0560909025
0.0489262529
0.0161082614
0.0446627364
0.0976439938
0.1627150476
0.0662527755
0.0147825945
0.0894891545
0.0681590140
0.0860375166
0.0583784245
0.0894847438
0.1111892164
0.0829616413
0.0535046011
0.1449799389
0.0865961537
0.0837624148
0.0315489657
0.0786887631
0.0313615203
0.1166569889
0.0247908961
0.0528606996
0.1049262211
0.0368311852
0.0248056166
0.0788022578
0.0368484482
0.0558829904
0.0109490938
0.0812211931
0.0527348109
0.0222756285
0.0953657180
0.0217848551
0.0437567942
0.1579030901
0.0582298227
0.0320006609
0.0966690630
0.0934447274
0.0274529029
0.0325893909
0.0442450419
0.0456151105
0.0688228086
0.0480309837
0.0508622639
0.0218692701
0.0215286687
0.0335638970
0.0596468970
0.0349188894
0.0374305584
0.0318010487
0.0837070644
0.0735530704
0.0375969782
0.0481800810
0.0411636233
0.0498632118
0.0469241515
0.0510864779
0.0062368247
0.0450830013
0.0536008626
0.0455284938
0.0336149707
0.0709413663
0.0223126821
0.1436198652
0.1093411073
0.0804336518
0.0383372307
0.0580980293
0.1104864776
0.0858156458
0.0333405733
0.1019729376
0.0517299809
0.0927461833
0.0908589885
0.0621131323
0.0663720816
0.1319586039
0.0438179076
0.0482117794
0.0712505504
0.0318363383
0.1524141133
0.0808516890
0.0343111902
0.1285968125
0.0821498930
0.0497911759
0.0513060503
0.0636111870
0.0699086115
0.0520019867
0.0599327944
0.0038683193
0.1780502498
0.0510880947
0.0496657118
0.0219824277
0.0941004157
0.0704752132
0.0251204930
0.0426689126
0.0559748560
0.0470402502
0.0650966167
0.0852880552
0.0752561241
0.0408794470
0.0282091927
0.0657481104
0.0580913536
0.0548800789
0.0363102071
0.0242520645
0.0640687943
0.0696408227
0.0416219570
0.0228351019
0.0213484764
0.0671105087
0.0137671083
0.0588234514
0.0518877469
0.0417961031
0.0767303407
0.0337247103
0.0400886312
0.0549973585
0.1198665425
0.0610575639
0.0404932909
0.0214433391
0.0526488870
0.0817036703
0.0554200597
0.0631223619
0.0242074989
0.0957379118
0.0519356281
0.0128449183
0.0502234064
0.0356395431
0.0283770487
0.1934396178
0.0450154804
0.0275239777
0.0475827269
0.0741356760
0.0207699221
0.0146607338
0.0166817084
0.0249772090
0.0711167380
0.0278027989
0.0289738588
0.0395903736
0.0264059454
0.0607792772
0.0284993406
0.0215262976
0.0639552847
0.1041111872
0.0389309973
0.0169266518
0.0513714105
0.0319264382
0.0487265550
0.0208162516
0.0442248024
0.1080987900
0.0172209181
0.0159434117
0.0468799211
0.0433427393
0.1255708635
0.0431367159
0.0348694734
0.1736032218
0.0198089033
0.0317280143
0.0264323689
0.0513032861
0.0195938591
0.0400095396
0.0749363005
0.0663918927
0.0946684256
0.0292060487
0.0234946143
0.0676087216
0.0396345779
0.0210001692
0.0276195705
0.0848908871
0.0368288234
0.0303009786
0.0345679596
0.0666385964
0.0393178277
0.0569049381
0.0454744063
0.0551461428
0.0217399504
0.0364195555
0.0461684391
0.0319342129
0.1256471574
0.0321763717
0.0551621802
0.0307656378
0.0331548117
0.0970403776
0.0649531558
0.0273633208
0.0282570478
0.0209879037
0.0350930132
0.0105103347
0.1029629260
0.0899355486
0.1660572737
0.0284318328
0.2547419965
0.0506387316
0.0311002564
0.0164523330
0.1019699425
0.0472606905
0.0040367297
0.0250634197
0.0386878587
0.0598509610
0.0124035124
0.0639851913
0.0152818728
0.0421693921
0.0325222500
0.2932432592
0.0325407870
0.0222291332
0.2422595173
0.0246202946
0.0311608482
0.0669048205
0.0000005265
0.0135710770
0.0532131828
0.0812952742
0.0183011834
0.0127976444
0.0964447558
0.0683388561
0.0363271460
0.1973694563
0.0234703291
0.0440654457
0.0170859676
0.0075218035
0.0133443763
0.1096634716
0.0309858080
0.0544475466
0.0587894134
0.0384078734
0.0092748329
0.0270647556
0.0312335584
0.0380565673
0.0235346053
0.0841139853
0.0146517605
0.0266302601
0.0083033498
0.0820815638
0.0226422008
0.0502950661
0.0207974613
0.0400658473
0.0209462196
0.0643074811
0.0940343067
0.0217166469
0.0158258975
0.0832041651
0.0888879448
0.0070404755
0.0004069321
0.1042462885
0.0230343565
0.0639136657
0.0283994265
0.0501763448
0.0285258554
0.3303434253
0.2152047306
0.0000000039
0.0888869241
0.0206770971
0.0583531372
0.0378992781
0.0527789667
0.0411854349
0.0627157688
0.1718902886
0.0449366048
0.0122213364
0.1163707376
0.0596493147
0.0455438495
0.0236405879
0.0429327004
0.0593286902
0.0924960971
0.0825664029
0.0241440237
0.0742776468
0.0117538469
0.0204589199
0.0523543954
0.0296622943
0.0857596621
0.0335996449
0.1583744884
0.0568522289
0.0108438954
0.0142761543
0.0279242136
0.2454086095
0.0343081467
0.1104318947
0.0659536123
0.0707936138
0.0475846753
0.0125513012
0.0728977248
0.0138227371
0.0142243169
0.0971306190
0.1142261550
0.0262559708
0.0745127797
0.0432459339
0.0636892244
0.0178783126
0.0587538071
0.0260284711
0.0615737736
0.0245414376
0.0787076205
0.0456931964
0.0909404010
0.0157873314
0.0181552358
0.0130439075
0.0490543619
0.0314527750
0.0619787835
0.0061819502
0.0931916237
0.0471941493
0.2723960280
0.0550095290
0.0454421602
0.1287524551
0.0112514654
0.0267040692
0.0416694917
0.0773934796
0.1679721922
0.0509467199
0.0371924601
0.1487887353
0.0327652358
0.0467676893
0.0785901695
0.0686546564
0.0003681449
0.0591764674
0.0431230962
0.0596401654
0.0508664586
0.0983592123
0.0686253384
0.0361088105
0.0453187786
0.0257764142
0.0317218192
0.0511475094
0.1191310510
0.1046674177
0.0451412536
0.0156935267
0.0767777786
0.0710280016
0.0302711967
0.0417400040
0.0179369729
0.0466625206
0.0172553379
0.0586030073
0.0224762429
0.0895321220
0.0621728376
0.0647793263
0.0867279768
0.0217838846
0.0573040433
0.0128593594
0.0284794327
0.0321887583
0.0755236074
0.0543226674
0.0319385491
0.1018238217
0.0142730689
0.0420687161
0.0249592010
0.1192843765
0.0385346636
0.0427992269
0.0230594892
0.0671205372
0.0341820233
0.0157460943
0.0666685849
0.0203576162
0.0498570390
0.0547708161
0.0598425344
0.0198699906
0.0208742246
0.0535226874
0.1764719933
0.0259800684
0.0227933191
0.0154755581
0.0329754166
0.0981265306
0.0209318213
0.0404145829
0.0343292616
0.0284329057
0.0925371870
0.1426712573
0.0776731223
0.1258628815
0.0909305364
0.0747658238
0.0426874422
0.0424507111
0.1490797251
0.0571244098
0.0272776168
0.0872717127
0.0383883789
0.0221924521
0.0112538477
0.0199449286
0.0519935265
0.0270441324
0.0273066517
0.0397749320
0.0199022330
0.0301908497
0.0290410407
0.0315871425
0.0707687736
0.0269718580
0.1183689386
0.0629215911
0.0750781596
0.0398453884
0.8537629843
0.1583187431
0.1111486107
0.0747156814
0.2880523205
0.0257149488
0.1010570824
0.0396338403
0.0639264435
0.1783886552
0.0301094558
0.0481492989
0.0177670717
0.0257023554
0.0294300411
0.1401765198
0.0566839464
0.1998328716
0.0820044428
0.0412663929
0.0240584891
0.1188702881
0.0477956124
0.0779278800
0.0236197729
0.0277394392
0.0665778369
0.0344728976
0.0816287994
0.0449259765
0.1527310610
0.0106154429
0.0104691312
0.0526613146
0.0478075407
0.0250142496
0.0251718815
0.0282976590
0.0301567111
0.0267550219
0.0425496735
0.0256054308
0.0774043202
0.1103582531
0.0431883410
0.0474142060
0.1637512743
0.0231400412
0.0178002547
0.0632177591
0.0200547818
0.0683762357
0.0668550879
0.0481586531
0.0585991107
0.0327866375
0.0320859700
0.1164228469
0.0172516108
0.1307102740
0.0704570338
0.0287459753
0.0829120651
0.0855959356
0.0988006741
0.0564387627
0.0208550226
0.0677841529
0.0893453434
0.0336021073
0.0910921320
0.0513983145
0.0338710807
0.0712880716
0.0638479516
0.0861874297
0.0530508049
0.0928947031
0.0277989544
0.0783173367
0.0378531218
0.0303898882
0.0353152454
0.0648366660
0.0846420899
0.1183099225
0.0530867949
0.0172165930
0.0276855193
0.0321910828
0.0851245299
0.0858831555
0.0188843198
0.0690077171
0.0196925625
0.0391435362
0.0200557895
0.0327295586
0.0431744792
0.0730842948
0.1041396335
0.0414758176
0.0185916405
0.1111891195
0.0294914488
0.0419951417
0.0250950716
0.2036511153
0.0287168529
0.0503817536
0.0631357133
0.1149402112
0.1002402157
0.0329248272
0.0406995527
0.0493107401
0.0957294106
0.0190756377
0.0216189139
0.1120087802
0.0268730856
0.0861763507
0.0669015571
0.0732197911
0.0283749979
0.0956460163
0.0077034980
0.0733627751
0.2164407969
0.0513713062
0.0767212361
0.0171120912
0.0462302379
0.1327838451
0.0325659625
0.0673779920
0.2038902938
0.0695828944
0.0204074010
0.0587088652
0.1119605005
0.0390180312
0.0293609276
0.1482564509
0.0122445049
0.0111987041
0.0308723375
0.0844331086
0.0509521365
0.1871598214
0.0164504685
0.0324982852
0.1234785914
0.0120680174
0.0663340017
0.0197522547
0.0859521031
0.1410568357
0.0217256304
0.0675028786
0.0525837764
0.0116608562
0.1228331476
0.0448080488
0.0175951142
0.0371199325
0.0598896220
0.0799745843
0.0384842232
0.0133266272
0.0369659513
0.0195985958
0.0688408837
0.0196920820
0.0142898709
0.0347811282
0.0518634915
0.2997293770
0.0426409692
0.0598532483
0.0590880811
0.0208528563
0.0061251381
0.0720965415
0.0355872326
0.0223558415
0.0698832348
0.0493413508
0.0129780751
0.0172450393
0.0579475053
0.0944230780
0.0889582336
0.0801995248
0.0183036290
0.0808029398
0.0678053722
0.0511151999
0.0203916766
0.0892497525
0.0429930463
0.0149057759
0.0372661762
0.0413818173
0.0135086430
0.0194303822
0.0623523965
0.0500972494
0.0191694610
0.1091992557
0.1142903492
0.1750616580
0.0086851520
0.0501579046
0.0151813403
0.0572913066
0.0646052733
0.0188175309
0.0578774959
0.0324531719
0.0167270880
0.0387880392
0.0460322797
0.0603475496
0.0280452408
0.0351189375
0.0329605564
0.0280265305
0.1425449401
0.0102895396
0.0663964450
0.0467998758
0.0377353206
0.0851791948
0.0281235352
0.0551087856
0.0123112993
0.1179956347
0.1401229501
0.0366519429
0.0219251439
0.0465514027
0.0686977878
0.0751828179
0.0273365397
0.0101659140
0.0615826100
0.0844615027
0.0813811421
0.0859285593
0.1013974026
0.0767055452
0.0420011505
0.0361971743
0.0592677593
0.0560835116
0.0406563543
0.0280678291
0.0274205934
0.2017775476
0.0301911589
0.1479261220
0.0375317372
0.0705306605
0.0499651544
0.1143551394
0.0121392943
0.0241390746
0.1030392125
0.0651332960
0.0637673289
0.0227328241
0.0994878784
0.0934524834
0.0458167903
0.0871400237
0.0286789332
0.0128356889
0.0690416992
0.0379607752
0.0000008431
0.0247953478
0.0662405863
0.0333293416
0.0246543176
0.2180725038
0.0560950972
0.0465052463
0.0447828732
0.0144003546
0.0712602660
0.1555421054
0.0484893546
0.1245754808
0.0518701896
0.0232476145
0.0432270057
0.1092194319
0.0911803842
0.0936465263
0.0396422707
0.0155665539
0.0510056615
0.0357682444
0.0944325328
0.0770745203
0.0722306445
0.0244785510
0.0917071849
0.2007879615
0.0479555763
0.0161565710
0.0593883023
0.0480900221
0.0039670155
0.0745021328
0.0506737269
0.0460621491
0.0519618019
0.0164512694
0.0583437085
0.0265121199
0.0000858049
0.0537053123
0.0861571431
0.0341215171
0.0807562843
0.0309806373
0.0877475291
0.0285593551
0.0423536822
0.0299697444
0.0330259725
0.0411887020
0.0753120035
0.1144018993
0.0258723628
0.0750025734
0.0953759775
0.0889486149
0.0208982583
0.0355625786
0.0690786690
0.0440000109
0.0159731619
0.0732593909
0.0245125163
0.0557426326
0.0616831891
0.0542332530
0.0599450059
0.0355010293
0.0950499550
0.0445430949
0.0478062592
0.0775545537
0.0455463119
0.0000434054
0.0624641180
0.0647284985
0.0463228561
0.0357912891
0.0254231375
0.0599690862
0.0470011495
0.0263711102
0.0226050708
0.0557208508
0.0480168536
0.0029247052
0.0500325933
0.0439152978
0.0186291672
0.0721690804
0.0736406744
0.0288445409
0.1105429828
0.0779252499
0.0306719989
0.0077721216
0.0346353762
0.0098271323
0.0199201237
0.0520983003
0.0333530791
0.1282307506
0.0435353667
0.0118345981
0.0571091026
0.0239509754
0.0123914555
0.0385562629
0.1622462422
0.0422255695
0.0155266644
0.0161735136
0.0277960915
0.0238706395
0.0921255201
0.0919829383
0.0115372557
0.0399988666
0.0430945940
0.0092321392
0.0147881517
0.0568024293
0.0958736911
0.0480509810
0.0765190423
0.0590088740
0.0723830685
0.0277028289
0.1539800614
0.0000028545
0.0245172884
0.0954276696
0.0517319441
0.0451025888
0.1227138117
0.0262993574
0.0800498426
0.0094444724
0.2029831409
0.0685526207
0.0515003465
0.0523470342
0.1514495462
0.0594580509
0.0434812307
0.0128660304
0.0213920772
0.0296825636
0.0318232328
0.1042194217
0.0351823121
0.0352156535
0.0374588035
0.0195436981
0.0743937343
0.0203175806
0.0539756268
0.0513824522
0.0817550793
0.0143583519
0.0402789004
0.0517836437
0.0780221671
0.1216116324
0.0336111896
0.0816135779
0.0435891487
0.0250367522
0.0810052827
0.0937174037
0.0378989093
0.0163220353
0.0987856612
0.0012565253
0.0237844680
0.1063258946
0.1136044860
0.0341033563
0.0265786573
0.0593887195
0.0139436889
0.1652045846
0.0518724695
0.1378199607
0.0847801268
0.2200047523
0.0418396629
0.0635465309
0.0695865303
0.1634452343
0.0738887191
0.0785700604
0.0605658442
0.0757940188
0.0201663189
0.1068357378
0.0711591914
0.0509339049
0.0123486202
0.0256807860
0.1385788321
0.0357249267
0.0219707750
0.0425152220
0.1099723577
0.0348920934
0.0589209907
0.0357835665
0.0176876020
0.0274209697
0.0373581946
0.0221493822
0.0706536397
0.0813669115
0.0240138359
0.1770068109
0.0416367054
0.0605516322
0.0332389176
0.0143138086
0.0742767975
0.0248399358
0.0398282073
0.2865314782
0.0491543300
0.0643344745
0.0457761660
0.0683242679
0.0509150401
0.0000010332
0.0345108174
0.0580863655
0.1035040841
0.0793253407
0.0920991525
0.0519112609
0.0846538544
0.0553563014
0.0569034107
0.0422370359
0.0252651721
0.0406570621
0.0598975159
0.0427023023
0.0337236896
0.0199555866
0.0437807739
0.0986346826
0.0369901210
0.0808406398
0.0980830491
0.0440816991
0.0765219927
0.0185852796
0.0471117608
0.0211970061
0.1417764276
0.1130624264
0.0148519995
0.0637027621
0.0232979245
0.2333918661
0.0459769256
0.0236905962
0.0365222730
0.0956957117
0.0292863827
0.1169785187
0.0587483868
0.0873893350
0.0315273814
0.0398509502
0.0478715934
0.0344462022
0.0430475660
0.0436422937
0.0224708114
0.0279816780
0.0868797675
0.0371402167
0.0633760318
0.0197903458
0.0581428409
0.1257708073
0.0274107531
0.0294758603
0.0607397333
0.0328700691
0.0969713852
0.0211264435
0.0247373953
0.0650716946
0.0379238166
0.0414067917
0.0286392011
0.0457973555
0.0502197966
0.0168384090
0.0000165594
0.0716955885
0.0522350147
0.0147776371
0.0474867225
0.0219638273
0.1035584807
0.1205401123
0.0337194912
0.0288486704
0.0255185850
0.1153590083
0.0833952352
0.0215603914
0.0134420386
0.1001540199
0.0951164365
0.0242009256
0.0346262418
0.0307197161
0.0330927894
0.0575019047
0.0291851703
0.0762045532
0.1839459091
0.0613731593
0.0310787614
0.0187093467
0.0315322876
0.0559692644
0.1501444578
0.0683050603
0.0452505797
0.0485047959
0.0712921321
0.0463346317
0.0845881477
0.0670671463
0.0875183344
0.0793751404
0.1031825468
0.0213249866
0.0190126617
0.0860652328
0.0427354798
0.1004096419
0.2609136403
0.0349749066
0.0200876258
0.0250862557
0.0430805460
0.1729043871
0.1486597359
0.0484526418
0.0521722995
0.0698609725
0.0693437830
0.0168025922
0.0297753531
0.0293197483
0.0929761603
0.0349212177
0.0458145924
0.0199064352
0.0265854243
0.0007687261
0.0499738455
0.0409849286
0.0184539203
0.0000021371
0.0839390978
0.0566701666
0.0282861050
0.0198858567
0.0212773979
0.0321824849
0.0915248320
0.0337779447
0.0180453714
0.0731710941
0.2101968229
0.0350199342
0.0535441190
0.1662834138
0.0177234430
0.1131702736
0.0628902912
0.0240735747
0.0457059331
0.0569380596
0.0505872704
0.0476523377
0.0788464099
0.0628180355
0.1126766652
0.0408090949
0.0251726471
0.0360193439
0.0846084058
0.1627545357
0.1248944402
0.2455788404
0.0409338325
0.0568794161
0.0623393618
0.0730841011
0.0361695252
0.0138909835
0.0196795873
0.0904667154
0.0612877198
0.0228264257
0.0719142035
0.0468662120
0.2377634346
0.0103983730
0.0703972653
0.0214815587
0.0366556719
0.0436638892
0.0861078873
0.0226379111
0.0377469137
0.0405674763
0.0700121596
0.0632634014
0.0410431288
0.0084892837
0.0579454750
0.0177176334
0.0094983829
0.1211206242
0.0424605086
0.0315700173
0.0364196636
0.0159196090
0.0886806697
0.0486529730
0.0866609514
0.0323444456
0.0382605046
0.1025820002
0.0074982429
0.0858390108
0.0241628848
0.0282092988
0.0606167465
0.0647048950
0.0564163104
0.1350115240
0.0498746261
0.0968541950
0.0243044570
0.0299852863
0.0245859027
0.0303837843
0.0734014884
0.0282552931
0.0315269232
0.0891012475
0.0473816022
0.0765841082
0.0459288247
0.0317394696
0.0874633342
0.0133924456
0.0211157706
0.0519462265
0.0179201066
0.1085481048
0.0252165794
0.0475134179
0.0372718722
0.0763799772
0.0469402708
0.0331139490
0.0306341834
0.0970252454
0.0191765055
0.0366814360
0.0344876200
0.0558689311
0.0634529740
0.0434820056
0.0334047042
0.0525074676
0.0491782129
0.0283405483
0.0254976880
0.0339910723
0.0958410352
0.1412747204
0.0290286038
0.0135651343
0.0622827522
0.0290704276
0.0204176940
0.0799690038
0.1429646909
0.0516113266
0.0192726441
0.0222426727
0.0575466603
0.0427907854
0.4150995910
0.0590614155
0.0357779637
0.0311701857
0.0376578011
0.0115481894
0.0257263910
0.0647846013
0.0404096060
0.0355043076
0.0377328098
0.0779044926
0.0720277652
0.0220401864
0.0567103997
0.0982265547
0.0000026235
0.0158809070
0.0141810086
0.0162114706
0.0790877119
0.0295075383
0.0286736917
0.0001419817
0.0462572426
0.0388190560
0.0364872366
0.0396086238
0.0663911104
0.0336967707
0.0019029505
0.0776257142
0.0896244645
0.0528994128
0.0305414870
0.0774888992
0.0513914600
0.0162882600
0.0458695218
0.0384259932
0.0367629118
0.0493217148
0.0462635271
0.0158047453
0.0773412958
0.0302386116
0.2220302373
0.1678151637
0.0164852850
0.0345351994
0.0764930993
0.0354900844
0.1092967615
0.0922031850
0.0461386107
0.0825129151
0.0188816134
0.0728917196
0.0175319239
0.0761984065
0.1724891514
0.0781974196
0.0338730961
0.0344015099
0.0216263160
0.1154818013
0.0229798015
