0.3761441708
0.0016158466
0.0049393815
0.0094059007
0.0096104369
0.0008836190
0.0097911544
0.0484147891
0.0039670966
0.0035132591
0.0045780344
0.0069791651
0.0028219954
0.0000199809
0.0135353180
0.0018060094
0.0001265181
0.0334635042
0.0039863954
0.0030767911
0.3407820463
0.0519555584
0.0162939914
0.0008039699
0.0000655545
0.0030742108
0.0027624327
0.0707531720
0.0125697590
0.0003796201
0.0080885636
0.0198856723
0.0007401892
0.0134431776
0.0000913102
0.0366540216
0.4459264576
0.0099911513
0.0439356305
0.0001715910
0.0002881256
0.0016268728
0.0451337397
0.0045291344
0.0119215297
0.0017377877
0.1402404159
0.0882872120
0.0025861126
0.0046877698
0.0085570235
0.0419302247
0.0181749240
0.0066229361
0.0232409779
0.0230826717
0.0028824031
0.0017681706
0.0989305303
0.0041624475
0.0020581433
0.0016713222
0.1107057631
0.0094186431
0.0292578544
0.0072074402
0.1091478989
0.0008865133
0.0220104121
0.0121168466
0.0074465722
0.0054756533
0.0589682423
0.0007634174
0.1024451181
0.0484869368
0.0030059332
0.0013568513
0.0005782000
0.0267200451
0.0093744751
0.0020573824
0.0895031691
0.0030916503
0.0025688943
0.0638677478
0.0069133551
0.0034490498
0.0263304282
0.0003936309
0.2152402401
0.0198418330
0.0026188788
0.0093580075
0.0171357915
0.0005520721
0.0049071703
0.0886662379
0.0078578182
0.3703463972
0.0005374382
0.0035672311
0.0015193477
0.0993730202
0.0732836649
0.1637794375
0.0006130458
0.0024447772
0.0137450080
0.0000107541
0.1025520042
0.0067108292
0.0282473173
0.0003076410
0.0810170174
0.0064289402
0.0014025244
0.0684580207
0.0524649695
0.0159289408
0.0010943281
0.0024647356
0.0127001712
0.1012976468
0.0230643358
0.0080110123
0.0224694982
0.0210800096
0.0054762298
0.0013283599
0.0667715743
0.1580090821
0.0147285797
0.0669597611
0.0147934454
0.1977103800
0.4378046095
0.4260135889
0.0013983246
0.0049602585
0.0064290222
0.0056743324
0.0231417753
0.2547037899
0.0031372970
0.0021113758
0.0003928239
0.0455207117
0.0102977352
0.0002945628
0.0665244758
0.0257639289
0.0220683645
0.0122816367
0.0064765140
0.0000360185
0.0083228629
0.0223297551
0.3531143963
0.0001718060
0.0515209399
0.0057237679
0.0340914577
0.0826316401
0.0059858286
0.0459703468
0.0402521044
0.0048454092
0.0188921858
0.0024678914
0.5955125690
0.0298628826
0.0057063969
0.2503562868
0.0014289437
0.0177702755
0.0001521447
0.0137691479
0.0658732429
0.1224909872
0.0426062867
0.0243847743
0.0326831415
0.0026479997
0.0002511334
0.0910834223
0.0328987688
0.0118314428
0.0022171722
0.3677281141
0.0237234961
0.0004281797
0.0508499295
0.0194985662
0.0055507515
0.0071578766
0.0002376224
0.0142628551
0.0003176832
0.0013030067
0.0025202157
0.0119181490
0.0940331668
0.0024491819
0.0260604564
0.1088228747
0.0017223130
0.0642107725
0.0059089172
0.0000275916
0.0078598959
0.0054145902
0.0051091635
0.0000680310
0.0569323227
0.1156953126
0.0046581537
0.1365818083
0.0366712436
0.5008603334
0.0103047350
0.0125480508
0.0064304518
0.0153685231
0.0002113490
0.0402577594
0.0309673939
0.0225154329
0.0349954069
0.0202821866
0.0465794913
0.0246800147
0.0791498646
0.0016192063
0.2882130444
0.0016509702
0.0025473866
0.1085586697
0.0530512594
0.1804807931
0.0723098218
0.0094770752
0.1342509836
0.0154764513
0.0153766582
0.0605914369
0.0197106395
0.0176762454
0.0006898124
0.0097484048
0.0130316168
0.0526387803
0.0017144782
0.0192324426
0.0075389203
0.1124835089
0.0000398994
0.0021086491
0.0452679507
0.1146256328
0.1503228694
0.0119652962
0.1422767788
0.2345300317
0.0631965250
0.0286798086
0.0107802590
0.0003305493
0.0134447766
0.0254757367
0.0332078263
0.0014240484
0.0223734099
0.0453787856
0.0012986783
0.2619979978
0.0061196252
0.0010507241
0.0101326406
0.0525490902
0.0369403772
0.0222204607
0.0525070243
0.0007078841
0.0389640965
0.2348641008
0.0506835915
0.0006021240
0.0005166056
0.0042159962
0.0620975345
0.0034701976
0.4908805192
0.0629802048
0.0316602848
0.0623816252
0.0001359498
0.0181870945
0.0033983251
0.0046732780
0.2341765314
0.0440823063
0.0443027578
0.0039870273
0.0053597768
0.0063377563
0.0000414959
0.0549058095
0.0162194110
0.0649804324
0.0001982984
0.0042163767
0.4285232425
0.0001054682
0.0795933455
0.0163360052
0.4555001855
0.0022706059
0.3277014792
0.0286751781
0.0960663930
0.0179498717
0.0004238690
0.0169224069
0.0059063830
0.0228451490
0.1294870526
0.0636485741
0.0398500673
0.0029466853
0.0251275245
0.0004160661
0.0071291709
0.0027816775
0.0542252511
0.0529792383
0.2682150900
0.0168242361
0.0001649328
0.0000178718
0.0002182629
0.0288624335
0.0027208494
0.0004111755
0.0146023519
0.0080385581
0.0157217402
0.0795440376
0.0560817868
0.0003805274
0.1856651753
0.0190942828
0.0079231821
0.0034526289
0.0161870327
0.1022732779
0.0133823296
0.0063901073
0.0945422202
0.0024150962
0.0066008656
0.0150367022
0.0392992571
0.0001453336
0.0218010936
0.0027695245
0.0062965848
0.0007329129
0.0026308191
0.0017879836
0.0299147088
0.1740989685
0.0010365448
0.1473057866
0.0034272156
0.2024150193
0.9372502565
0.0506551899
0.1498889327
0.1159019694
0.0377221890
0.1361498237
0.0376260802
0.0630251691
0.0119931670
0.0152974669
0.0893646926
0.0175062120
0.1304811090
0.0014422423
0.4916068316
0.0018509431
0.1110103726
0.0003713116
0.0011329326
0.0553734452
0.0244687032
0.0227185991
0.0352052301
0.1265057176
0.0137134874
0.0024284336
0.0031243125
0.0123370942
0.0021976440
0.0619783141
0.0051399791
0.0005365558
0.0236087628
0.0052225329
0.0086380504
0.1415557861
0.0624945313
0.0019611416
0.1092594191
0.1016150862
0.0071937777
0.0450788029
0.0148387589
0.0036152024
0.0004840986
0.0336323529
0.0014485436
0.3724800050
0.0838419124
0.0612094998
0.0075797583
0.0148161259
0.0045490279
0.3916403055
0.0001719841
0.0042259712
0.0108979531
0.0035802107
0.0425913632
0.1293762922
0.0111703761
0.0229659677
0.0105410954
0.0347663350
0.0024411725
0.0232998431
0.0213593263
0.0023019889
0.0040243831
0.0003385258
0.3136570454
0.0078797331
0.3442198634
0.0011223588
0.0070718261
0.0200322382
0.0198347215
0.1052736714
0.1063222289
0.2275324464
0.1773119420
0.0737586915
0.0281524174
0.0602702349
0.0021731560
0.0005721877
0.0002581523
0.0256414842
0.0219078995
0.2811554968
0.0069980640
0.0073801447
0.0103734573
0.0087889107
0.0016936759
0.0039101890
0.0001366664
0.0638899729
0.0015495983
0.0022880111
0.0024836229
0.0591078997
0.0032510587
0.1999599189
0.0340838656
0.0949257240
0.0125898318
0.0003861555
0.0025588679
0.0014714299
0.0099574709
0.0020531260
0.0058734827
0.0001640989
0.1167440489
0.0021729399
0.0287159532
0.0186702535
0.1523741037
0.0481047742
0.1554079950
0.0500826016
0.1097973287
0.0211859588
0.0085984385
0.0297999438
0.4273093045
0.0051456196
0.0046074502
0.0008909629
0.0494665727
0.0140910586
0.0139752580
0.0997620746
0.0068683135
0.0419721305
0.0622126460
0.1498902291
0.0316514745
0.0235500596
0.0881873965
0.0223648902
0.0398991778
0.0476042926
0.3506907821
0.0108448770
0.0981860235
0.0012613126
0.0047567892
0.0027203551
0.0274517983
0.0643608421
0.0018717474
0.0071267812
0.0295007750
0.3138357997
0.0045410236
0.0071514342
0.0035681804
0.0263720937
0.0045423307
0.0284867361
0.0414412804
0.0212793350
0.0008408957
0.0351282917
0.0032779532
0.1236737743
0.0633173138
0.0369525701
0.0417231768
0.0012464545
0.0134137636
0.0044722822
0.0023998725
0.0000172696
0.0022104566
0.2689466178
0.0230201315
0.4908976257
0.0000822071
0.0016437380
0.0285434891
0.0710602775
0.0009222236
0.0323173068
0.0050830813
0.0019456093
0.0510170497
0.0632857010
0.1128254458
0.1949127465
0.1505963653
0.0022161126
0.0067922026
0.0023149445
0.1273332536
0.0062269913
0.0098206289
0.0027091301
0.0137728965
0.0225291122
0.0081196418
0.3065207005
0.0022916258
0.0102955280
0.2474129647
0.0017836906
0.0006021024
0.0042680865
0.1644742340
0.0139458515
0.0041204742
0.0276059154
0.0023807611
0.0294963364
0.1528226286
0.0280571375
0.0579538234
0.0107516982
0.0188841522
0.3694631159
0.0040358361
0.2534978688
0.0168107301
0.0039292998
0.0296169817
0.0084910421
0.0140333977
0.0115066906
0.0451009981
0.0960332900
0.0467621386
0.0480903536
0.0339338817
0.0043668579
0.3626385927
0.0010238864
0.0888297856
0.0028984160
0.0008935473
0.0026025181
0.0990513191
0.0242531858
0.0144109912
0.0056842761
0.0380770154
0.0743933097
0.0108513599
0.0040236684
0.0047846562
0.0013649208
0.0239485800
0.0030752353
0.0309730787
0.1046208441
0.0418398976
0.0229755510
0.0150074940
0.0009840848
0.0012531450
0.0048686159
0.0038040082
0.0085620461
0.0034955796
0.0307669882
0.1369238645
0.3789055347
0.0230369419
0.2052294165
0.0252206996
0.0000609916
0.0436045676
0.0117909592
0.0093696667
0.0044291159
0.0010134286
0.0285089612
0.0239482783
0.1204451546
0.0132977851
0.3171220422
0.1342089772
0.0959034935
0.0137646142
0.0246954747
0.0007612098
0.0327494331
0.0262580812
0.1537089646
0.2720805109
0.0698568225
0.0115248896
0.0026431796
0.0443463959
0.0120587610
0.0001985439
0.0022603129
0.0021824650
0.0013362538
0.0006903421
0.0017664572
0.0078064175
0.1390592754
0.0727708265
0.0048769237
0.0306918137
0.0017465865
0.0145724816
0.0312615447
0.0829594582
0.0213981252
0.0761852190
0.0059048515
0.0059096906
0.0036841300
0.0567133464
0.1526083201
0.0010392888
0.0100113265
0.0092711840
0.0013812390
0.0832468569
0.0164864417
0.2548480034
0.0038435955
0.1852302998
0.0600617900
0.0794162825
0.0270467643
0.0043694563
0.0367170796
0.0897226334
0.0178675968
0.0086001372
0.0860201940
0.0382489264
0.0005044143
0.1857091486
0.0029918943
0.0610206388
0.0395648256
0.0032666731
0.0043490333
0.0094819954
0.0483381636
0.0700153410
0.0348225124
0.0219987649
0.0186755136
0.0013642559
0.0017894189
0.2694416642
0.0951901600
0.0009264944
0.0280208532
0.0678704754
0.0509284623
0.0103771826
0.0043897452
0.0111778360
0.0284769330
0.0182347279
0.0297963675
0.0008508308
0.0271225944
0.0006315296
0.0982434824
0.0233495422
0.0321305878
0.0081823282
0.0025870292
0.0978852883
0.1621558815
0.0301742833
0.0057515767
0.0035046821
0.0105676763
0.0293442421
0.0239423197
0.0692118704
0.0256340578
0.0102296397
0.0356805585
0.0040911227
0.0246751625
0.0124704773
0.0017066468
0.0393929929
0.0981883034
0.0601533651
0.0453281477
0.1033870727
0.0033609087
0.0013439782
0.2414031476
0.0820994079
0.0051256567
0.0024110498
0.0463757701
0.0307956394
0.0227498561
0.0656182542
0.0051779365
0.0114359520
0.4961351752
0.0002971174
0.0056975647
0.0154251242
0.0691184774
0.0002437545
0.0409338512
0.1344203800
0.1911526173
0.1142536104
0.0036794583
0.0053088348
0.0203542486
0.3149019480
0.0020410458
0.2151097655
0.0072230329
0.0827892497
0.0032225535
0.0648488328
0.0656293631
0.0369767211
0.0234993529
0.6417518258
0.0233992320
0.0059966589
0.0142660672
0.0319582969
0.2071580440
0.0616682433
0.0578967147
0.0036855603
0.0078612799
0.3277010620
0.0013363500
0.0845258459
0.0000703912
0.0067414860
0.1195117608
0.0000334888
0.0000056876
0.0563478023
0.0005209231
0.0309991725
0.0103293424
0.0293329768
0.1516824514
0.0079694670
0.0344477259
0.0076823491
0.0009719172
0.0808315873
0.0115481410
0.0269774627
0.0060772174
0.0108934809
0.0033961781
0.0061184424
0.0110801933
0.0024465872
0.0039278814
0.0030769461
0.1743857563
0.0036554986
0.0084785260
0.0015258009
0.0001670480
0.0008748256
0.0082087032
0.0016440095
0.0043245321
0.3254646361
0.0021331729
0.0292248316
0.0039911047
0.0317597799
0.0355101675
0.0240841191
0.0003209732
0.1171167493
0.0192057379
0.0019669563
0.1816630661
0.0597175471
0.0112788128
0.0487635769
0.0452624746
0.0052049784
0.1826885194
0.0000451507
0.0465250984
0.0042360323
0.0012727876
0.0652739927
0.0008373305
0.0701610595
0.0220949631
0.0002105537
0.0006923978
0.0941118896
0.0001210614
0.0007243358
0.0010438394
0.0023239804
0.0149143627
0.0004768112
0.0105300443
0.0785781592
0.0387565754
0.0000414177
0.0488688238
0.2560015321
0.0968715325
0.0130617945
0.0008314471
0.0012098881
0.0601464622
0.0011821525
0.0180202257
0.0382785946
0.0424518324
0.0439245887
0.0021595520
0.0207783263
0.1024217680
0.0039158650
0.0037904382
0.0301999897
0.0036535468
0.0636954978
0.0022864649
0.1135925502
0.0535316654
0.1061544791
0.0028451681
0.0000714607
0.0584047064
0.1112047657
0.0782056674
0.0001868408
0.0235909838
0.0080261035
0.0390047804
0.0009921239
0.0018012234
0.1511637419
0.0007259944
0.0042014578
0.0020134700
0.1221982241
0.0053115953
0.0001191310
0.3370163143
0.1491906047
0.0148221562
0.0503490940
0.0399274006
0.0160307959
0.4010234177
0.2225798666
0.0025143488
0.0936867073
0.0944191366
0.0400249436
0.1095625535
0.0209545158
0.0013288555
0.0203013252
0.0181208178
0.1191097051
0.0058235694
0.0000754329
0.0298814755
0.1183217615
0.1325506866
0.0640550703
0.0035218515
0.0228222813
0.1631832719
0.0132900225
0.0008150223
0.0087152105
0.0194046814
0.0137385670
0.0010781083
0.0072655217
0.0096321097
0.0294422917
0.0439599305
0.0005351785
0.0162430238
0.0003364862
0.4393012226
0.2672087848
0.1937949657
0.0365308635
0.0103531275
0.0008746844
0.1187656224
0.1633979231
0.0089952080
0.0414349660
0.1235949248
0.0348015800
0.0122901024
0.0007375430
0.1986895651
0.0003836822
0.0311877932
0.0681936666
0.1657304615
0.0019462327
0.0588758066
0.0195725746
0.0227937140
0.0454297625
0.0225550309
0.1884495467
0.0066136634
0.0095052626
0.0556556657
0.0029014093
0.0264827479
0.0387277268
0.0012353467
0.0044623832
0.0019774777
0.0434647538
0.0016264864
0.0247003306
0.0005318145
0.0103954738
0.1858911216
0.1629766524
0.0346405730
0.0397411995
0.3638817966
0.0002668081
0.0093553904
0.0840643644
0.0000695932
0.0214263797
0.0882580727
0.0007470567
0.0022238502
0.0018159240
0.0069336426
0.0462112762
0.0071810321
0.0136422180
0.2662587464
0.5786507726
0.0054589896
0.0379437767
0.0002454553
0.0651989132
0.0119725261
0.1008297652
0.0013877262
0.0003954592
0.0519558601
0.0443792976
0.1440539807
0.0004391299
0.0031851213
0.0005583349
0.0172993913
0.0087653100
0.0497650169
0.0131428819
0.0001091067
0.2991740406
0.0191419963
0.1456215829
0.0001169564
0.0420686044
0.0000082975
0.0122850845
0.0013009531
0.0055319839
0.3439711034
0.0752213821
0.0406435616
0.0316421017
0.0000510586
0.0050623706
0.0011008243
0.0064801970
0.0347691961
0.0198906716
0.0307917986
0.0171634406
0.0097015342
0.0064176503
0.0067526191
0.0474454984
0.0049607879
0.0307494048
0.0282871928
0.0047961706
0.5335744023
0.4059253931
0.0085334228
0.0039857859
0.0985901207
0.0007044459
0.0027712765
0.0439828075
0.0023930296
0.6246196628
0.0093572736
0.0067295232
0.0052426104
0.0204279032
0.0079561444
0.0172045436
0.0122978203
0.0070364601
0.1682462841
0.0233135652
0.0918286294
0.0001535678
0.0017499893
0.0283438824
0.0095369909
0.0395452976
0.0238203220
0.1283792406
0.0158979520
0.2625510097
0.0218744315
0.2768749893
0.0978389010
0.0007733035
0.0112458654
0.0039666519
0.0163745675
0.0247154199
0.0055868672
0.0011866582
0.0039986102
0.0290940888
0.0029818646
0.0004975776
0.0026662175
0.0247603375
0.0626733527
0.0176899284
0.2784794271
0.0000277682
0.0054751812
0.0479743257
0.0394405313
0.0015912752
0.0266045667
0.0002773265
0.0393482521
0.0066773202
0.0077436091
0.0512125380
0.0061901612
0.0222933162
0.0291728768
0.0011258257
0.0105215320
0.0237941854
0.0080141127
0.1435263902
0.0207586493
0.0095585641
0.0016743458
0.0066560372
0.0790806115
0.0208724588
0.0240842104
0.0076514045
0.1393647790
0.0060176263
0.0081983991
0.1710900664
0.0109354705
0.0210616756
0.0048986394
0.0029090107
0.0162733607
0.0522734113
0.0161498562
0.2678106129
0.0606344752
0.0026699582
0.0734710097
0.0439577326
0.0845816880
0.0007706085
0.0014742026
0.0030853082
0.0194207914
0.0116891917
0.0623617545
0.3915919065
0.1512474865
0.0578155071
0.6576476097
0.0252210051
0.0013359676
0.0430451669
0.0007715159
0.0029448124
0.0008318254
0.0358240530
0.0029666258
0.0676492527
0.0025893571
0.0566189103
0.0034892259
0.2448852211
0.0432081968
0.0010401000
0.0700692162
0.0780404136
0.1207632273
0.0011246984
0.0000772755
0.0054574958
0.0015700870
0.1220400855
0.1653482020
0.0011675685
0.0047190730
0.0135240424
0.0071476363
0.0399509221
0.1253361106
0.0089701340
0.0050604688
0.0591348186
0.1145345345
0.0115502262
0.1124615297
0.0602416806
0.0031054753
0.0016023682
0.0032123956
0.0061249780
0.0496903174
0.0001883645
0.0083064167
0.0013751725
0.1730895042
0.0147262327
0.1236525849
0.0763575807
0.0171195772
0.0678003430
0.0023827404
0.0043175793
0.0009769278
0.0155169787
0.0000219004
0.2273195982
0.0531353280
0.0953256711
0.0017970445
0.0400677100
0.0002001144
0.0205657221
0.0055360203
0.0131211914
0.0210110545
0.0058504962
0.0003490863
0.0434916280
0.2399235368
0.0005639112
0.0009469295
0.0149192661
0.0004043907
0.0533299930
0.0088977190
0.0529496782
0.0121322051
0.0329748094
0.2255159467
0.0740839839
0.0228417907
0.1198633909
0.2457942069
0.1953734905
0.0057708956
0.4998741448
0.0029376363
0.0073837084
0.0016462494
0.0003781763
0.0004373169
0.1348547786
0.0004396461
0.0485367812
0.0024455262
0.0012709505
0.2633800805
0.0046083578
0.2321112901
0.0134944795
0.0016896895
0.0021666195
0.4961364865
0.0201375075
0.0051919660
0.0001984132
0.0007689192
0.4429655671
0.0990523696
0.0080689769
0.0011289116
0.0001618850
0.0017733072
0.0062447032
0.0375570059
0.0158766154
0.0037184672
0.0363023952
0.0054460559
0.1260827631
0.0928165615
0.0001567108
0.0007534620
0.1303024441
0.0453900434
0.0137326159
0.0233797077
0.0815350413
0.0558533072
0.0074678357
0.1073227599
0.0014871618
0.1759405881
0.0060817930
0.0135257393
0.0754581317
0.0114525035
0.0914971381
0.0684609413
0.0263158958
0.0032368076
0.0168928672
0.0003656585
0.1298816949
0.0484432019
0.0037836921
0.0766843706
0.0376230851
0.0118964994
0.0037769633
0.0092031499
0.0248362310
0.0000358250
0.0527027324
0.0279431660
0.1059192941
0.0315400809
0.4552402198
0.0223920550
0.0055814893
0.0585534088
0.0303199384
0.0316572972
0.0586567000
0.0008536803
0.3263921738
0.0003226468
0.0009426115
0.0388511643
0.0111209853
0.0172216762
0.0133039616
0.0336125232
0.0022135549
0.0031343144
0.0368613973
0.0212859884
0.0234192461
0.1640476584
0.0242588315
0.0028925899
0.0015836006
0.0415375531
0.0016319094
0.0097790267
0.0009814107
0.0890160874
0.0013365452
0.0015438043
0.1514271647
0.0135601591
0.0296868868
0.3200736642
0.0008013098
0.0185196418
0.0149996420
0.0374560729
0.0183298774
0.2833916545
0.0260819774
0.1104342788
0.0024307210
0.0089902235
0.0060536875
0.0332593806
0.0016399293
0.0071452684
0.7053911686
0.0091608064
0.0012530898
0.0599146895
0.1534987986
0.0021607485
0.0305809099
0.1072338894
0.0089111561
0.0001583844
0.0100253196
0.0000490203
0.0140977185
0.0138423145
0.0030877334
0.0047439770
0.0084455591
0.0033692387
0.0055733910
0.0270158183
0.0047588414
0.0029038452
0.0048844391
0.0046176808
0.0000405725
0.0002454598
0.0320502520
0.0015357938
0.0011551011
0.0006971941
0.2868573666
0.0525139496
0.0041346392
0.0129775852
0.0014514888
0.0002839941
0.2057991773
0.1339500993
0.1274875998
0.0015113545
0.2879972458
0.2167477757
0.0001707002
0.0055785445
0.0001312600
0.5405914783
0.0002166797
0.0078534661
0.0020766179
0.0178446174
0.0016933000
0.0016833929
0.0052800658
0.0040756017
0.0129237641
0.0727086514
0.3782198429
0.0031064644
0.0011847245
0.1609222293
0.0963785872
0.0501570180
0.2320810109
0.0250379089
0.0006820585
0.0270920303
0.0104925418
0.0010303893
0.0394089334
0.0266491789
0.1397112012
0.0028668328
0.0190961212
0.0195372589
0.0090860976
0.0377501547
0.0516371056
0.0057024048
0.0750868693
0.2158299834
0.0226768218
0.0027438055
0.0490575396
0.0408731587
0.0000603964
0.2700909078
0.0127634834
0.0007721890
0.0641695410
0.0005094471
0.0098855998
0.0913203359
0.0001670604
0.0066007939
0.0591836832
0.0146958232
0.0220151432
0.0407214984
0.4513358772
0.0391494408
0.0174547713
0.0000219884
0.0202090573
0.6182696819
0.0142166903
0.0355945751
0.0405952185
0.0042932741
0.0455196872
0.0498325117
0.0581371970
0.0114053162
0.2857854962
0.0065592881
0.0150594674
0.0196511168
0.0177743193
0.0221409313
0.0047447602
0.1463521719
0.0504329838
0.3674847484
0.0160387699
0.0432994217
0.0238225274
0.0004454568
0.0616007894
0.0002745669
0.0055273194
0.0643667877
0.0069947350
0.0319776423
0.0317821950
0.0100769633
0.0333909951
0.0121824089
0.0076313950
0.0014292969
0.0780841336
0.0020999359
0.0129322400
0.0083099250
0.0005421845
0.0005691908
0.0004505603
0.1463456005
0.0037258565
0.0024184992
0.1822128892
0.0540252626
0.0765577257
0.0145285865
0.0360202417
0.7497052550
0.0015996122
0.0040453752
0.0020737704
0.0014578522
0.0163617171
0.0005455517
0.0433254950
0.0408710800
0.0364952907
0.0288406499
0.0009995616
0.0001523437
0.0033185238
0.0769357160
0.0313942209
0.0028514508
0.0014908058
0.0076621259
0.0220061932
0.0116869044
0.0004650969
0.5664386749
0.0012091871
0.0019035140
0.0009814762
0.0669348389
0.1955544055
0.0615923852
0.0005161372
0.0680249110
0.0044704909
0.0929018557
0.0310268439
0.0003756292
0.0306517072
0.0101491874
0.0002270802
0.0139486780
0.0363641493
0.0213071797
0.0517746732
0.0237508398
0.1208861619
0.0534865595
0.0377155803
0.0482361354
0.0013916668
0.0886168554
0.0337548628
0.0004254247
0.0707187429
0.0853870213
0.0029471391
0.0062717833
0.0320280045
0.0777311176
0.0022543094
0.0270603299
0.0002121797
0.0023813806
0.1002517790
0.3834006190
0.0080971066
0.0006303228
0.0342518017
0.2789156735
0.1869008988
0.0001155205
0.1510824114
0.0022171142
0.0022076871
0.0003960255
0.0205633007
0.0307016913
0.0009271129
0.0405680574
0.0146029154
0.0037882330
0.0049219243
0.0013028969
0.0035868953
0.0080774799
0.0232926123
0.0436577536
0.0733220875
0.1186193004
0.0055772457
0.0046234047
0.2731834352
0.0827971250
0.0229898114
0.0140815424
0.0260812677
0.0786286667
0.1034473106
0.0287849065
0.0266365465
0.0370795019
0.0041073109
0.0149816601
0.0002910788
0.0016609059
0.1347338259
0.1200483739
0.0222468432
0.0365638733
0.0254018325
0.0261052437
0.2968859375
0.0024290287
0.0037633788
0.1602089554
0.0427697115
0.0109293768
0.0029831226
0.0012684792
0.0090414751
0.0022888505
0.0593538508
0.0143269338
0.0063042725
0.0831878707
0.0124750519
0.0215964019
0.0008763907
0.2838303745
0.0339278094
0.0004579611
0.0284816977
0.0111581255
0.1248601153
0.0021737039
0.0228388980
0.0131936558
0.0041048406
0.0006811256
0.0560063981
0.0114695970
0.0093879057
0.0147166960
0.0046397294
0.1115323678
0.0041013509
0.1185431182
0.0016483542
0.0050462685
0.0113036670
0.2487318218
0.0076392060
0.0058794683
0.0129679320
0.0044800807
0.0948848203
0.0034850747
0.0049444237
0.0003897744
0.0620858148
0.0032438335
0.0132007217
0.0502882563
0.1647817343
0.0047261911
0.0736077428
0.0028681310
0.0127054229
0.0027056434
0.0205346737
0.0011350580
0.2807247937
0.0051700091
0.1254076958
0.0138578927
0.1273837537
0.0196081083
0.0182121452
0.0402995758
0.0890688151
0.1356640458
0.0042676423
0.0000284694
0.0100326762
0.1397474110
0.1422471106
0.0008766125
0.0005483959
0.0144356163
0.0120623456
0.0067771901
0.0933998153
0.0368550718
0.0025056384
0.0204460062
0.0003428488
0.0000608173
0.0067563262
0.0159225818
0.0649450272
0.0357316546
0.3253499568
0.0343738459
0.0039331890
0.0015600839
0.0065859430
0.0088385027
0.0019128569
0.0008460548
0.0556320138
0.0004396059
0.0303675085
0.0536415763
0.1442692876
0.1351561993
0.0096688326
0.0303965881
0.0064817900
0.0078635896
0.0737611726
0.2402725369
0.0002094728
0.0446306542
0.0027388572
0.0063142898
0.0014028430
0.0008451660
0.1086794958
0.0042557446
0.0190314930
0.0730852634
0.0408347398
0.0107651465
0.0033245287
0.0158943422
0.0221107323
0.0020336746
0.0545233600
0.0068475544
0.0467347912
0.0124577805
0.0085582137
0.0001253047
0.0138464216
0.0003214935
0.3368884623
0.0030092846
0.0358085670
0.3896392882
0.0136026088
0.2064651698
0.0000732545
0.1379187256
0.0658026263
0.0033235319
0.0561823361
0.0756465197
0.0001366909
0.0087261545
0.0179899093
0.0188340023
0.2698720694
0.0012651038
0.0080605503
0.0140151149
0.0008206895
0.2091504931
0.0066171945
0.2529213727
0.0007503304
0.0010484094
0.0216381457
0.0020505651
0.0220153499
0.0005298690
0.0197345093
0.0100679444
0.0087859668
0.0116654066
0.0037695500
0.0559674911
0.0190608390
0.0054635531
0.0558273084
0.1807790101
0.0644790754
0.0520557724
0.0002436780
0.1312325746
0.0042611533
0.0015629216
0.1255994737
0.1597452164
0.0050833519
0.1270241141
0.0010201738
0.2780178189
0.0003199677
0.0126453955
0.0003761804
0.0384364501
0.0082053728
0.3868697286
0.0034178947
0.0116720712
0.3998312354
0.0001612723
0.0047459812
0.0179288611
0.0001538718
0.0001059368
0.0059678396
0.3060324490
0.0034395484
0.0129437922
0.0046923175
0.0059528323
0.0410508215
0.0256101284
0.0675544739
0.0031392078
0.0159451235
0.0151902903
0.0376213156
0.0154339476
0.0370743610
0.0083450666
0.0241744518
0.0638254434
0.1099575534
0.1916544735
0.0365277752
0.2177381068
0.4034792185
0.3017572761
0.0111619569
0.0008637609
0.0628008991
0.0486783832
0.0129723577
0.0016184279
0.0101217134
0.0074582389
0.0017456565
0.0032927745
0.0143745570
0.0424134843
0.1196626201
0.0125548607
0.0053378581
0.0035244816
0.0125087211
0.0012584435
0.0424442180
0.0010611053
0.0058224462
0.0014088772
0.0185038578
0.0071347519
0.0318142064
0.0065390537
0.0023427333
0.0022873811
0.1899929345
0.0143402852
0.2522264421
0.0276612788
0.3601371050
0.0513792560
0.1045128852
0.0104544498
0.0043624463
0.0083822329
0.0073035732
0.0283532627
0.0019332992
0.1561203152
0.0400385782
0.0041988748
0.0023007679
0.3743600547
0.0054688933
0.0102121048
0.0311722010
0.0132537242
0.0886437222
0.0331773572
0.0290603954
0.0000067153
0.0358213820
0.0002164293
0.0043263803
0.2728577554
0.0066611487
0.1337152719
0.2062123120
0.0308371689
0.0065442417
0.0042703017
0.0007004006
0.1446783990
0.0016923146
0.0336459540
0.0012702987
0.0009900309
0.0317388065
0.0263342839
0.1709753722
0.0016557894
0.0014608909
0.0393899195
0.0069141500
0.0351123586
0.3378024101
0.0375805981
0.0076417685
0.0073176711
0.0024454552
0.0041547897
0.0028963664
0.0020480703
0.0116929486
0.0009928808
0.0225408692
0.0205918904
0.0068250634
0.0045724683
0.7471736670
0.0011678427
0.0107829338
0.0210673101
0.0173733123
0.3657583594
0.0016744734
0.0041253841
0.0100398259
0.0005553616
0.0127508361
0.0236258265
0.0009231379
0.0012920764
0.0050433800
0.0078789992
0.0410010219
0.0076228185
0.0293267872
0.0109362127
0.0027188472
0.1255699396
0.0163836647
0.0615238324
0.0016421817
0.1232511625
0.0014688512
0.0015617640
0.0006314050
0.0638556629
0.0384983197
0.0022516586
0.0937404335
0.0000635465
0.0004439443
0.0001193919
0.0256772321
0.0114439009
0.1028364226
0.2104428262
0.0943046957
0.0001026593
0.0440693125
0.0344675966
0.0007401331
0.0652971566
0.1073942110
0.0499536246
0.1631091684
0.0137914084
0.0017415390
0.0128162717
0.2679786384
0.0130709633
0.0349673927
0.0040510795
0.0088613480
0.0354848877
0.3805822134
0.0015967648
0.1175199524
0.0229498167
0.0442370586
0.0199317914
0.0213974342
0.0026495177
0.0015989755
0.1844791472
0.0010644348
0.0869919956
0.0394433774
0.0169569813
0.0056319553
0.0093382727
0.0465776846
0.1497381479
0.0134596862
0.0000010017
0.0002190150
0.0288407095
0.0003209423
0.1521848589
0.0025327140
0.0051878938
0.0063416525
0.0666772649
0.2423822731
0.0004542551
0.1880665869
0.0254154485
0.0404223017
0.0155760413
0.0136136115
0.1640335023
0.0061454386
0.0164710488
0.0105267819
0.2372722924
0.0003719323
0.1155690104
0.0031369138
0.0475671887
0.0989584476
0.0439650565
0.0349614844
0.2079052627
0.0154898483
0.0075064097
0.0617142096
0.0016430558
0.0163940340
0.2320552468
0.0185410026
0.0091668935
0.0426904783
0.0101110740
0.0012186395
0.0452875085
0.0525341295
0.0434587002
0.0460225530
0.6393715143
0.0031143555
0.0018556286
0.0072702626
0.0055937245
0.0002066830
0.0376956202
0.0001239647
0.0287603345
0.0796367973
0.0033936871
0.0112162540
0.0019677633
0.0255094059
0.1075989977
0.0012178678
0.0031961256
0.0126412753
0.0141489673
0.0326010734
0.0213709306
0.0013757254
0.0116205281
0.0010309515
0.0137526132
0.0025232418
0.0001386119
0.0298375096
0.0510583594
0.0024541880
0.0279996134
0.2579749525
0.0032562190
0.0090615042
0.0451570190
0.0007756323
0.0008287220
0.0100098224
0.0054309419
0.0123790093
0.0947473273
0.0244272891
0.0036377027
0.0000009069
0.0029718659
0.0068005873
0.0360745229
0.0045327521
0.0248018689
0.0227671862
0.0401894934
0.0011285901
0.0059758560
0.0323741287
0.0019430259
0.1168969572
0.0824401230
0.0067650652
0.0069255638
0.0028915380
0.0080104815
0.0014075321
0.0008615592
0.0037303022
0.0034621693
0.0106736738
0.3521876335
0.0010573525
0.0231983066
0.0018794790
0.0025891720
0.0013756165
0.0515684001
0.0172189549
0.0847066939
0.0001293726
0.0551520064
0.0104668140
0.0033880214
0.0021551063
0.0412157103
0.0143631510
0.3226239085
0.0281245150
0.0896875858
0.0616875961
0.5171482563
0.0608216822
0.0452681370
0.0021065820
0.1507721692
0.0008840347
0.0022037118
0.1331685930
0.0003407847
0.1261194646
0.0074003870
0.0764685199
0.0972559452
0.0291290078
0.0013754050
0.0003322686
0.0057537095
0.0126118604
0.0012663943
0.2531978488
0.0377840325
0.1386061013
0.0014926809
0.0004002402
0.0138613535
0.0041602976
0.0004219001
0.0055033779
0.5984807611
0.1052387357
0.0112254592
0.0010363582
0.0349206701
0.0133870412
0.0844018981
0.0283540171
0.0194727108
0.0014162266
0.1152663380
0.0073433616
0.0690627098
0.0016056785
0.3052928746
0.0002189989
0.0013346043
0.0307143889
0.0073951627
0.0006978373
0.2148894817
0.0141724590
0.0544660985
0.1028867438
0.0267848391
0.0000301629
0.0038081594
0.0139314001
0.0229883287
0.0001417758
0.0180178545
0.0250758938
0.2729680240
0.0004499223
0.0312863216
0.0038575726
0.0109716207
0.0000000935
0.0141172027
0.0001178458
0.0002327137
0.0142002944
0.0358188860
0.0780611038
0.0315129086
0.0770318136
0.0212936793
0.0063155438
0.0241043903
0.0618154071
0.0424616896
0.0009334275
0.0426197015
0.0431649685
0.0146085648
0.0030348457
0.3085059226
0.1826438606
0.0156986155
0.0021640996
0.4498759210
0.0084863100
0.3124186993
0.0004041094
0.0020008704
0.1224175394
0.0029300791
0.0458582118
0.0070750616
0.0287512392
0.0119535718
0.0009953902
0.1097007468
0.0103546027
0.0548569970
0.0046236771
0.0180882085
0.0678104237
0.0223515276
0.0022287024
0.1010869369
0.2936647534
0.0231909081
0.0278168004
0.0544580929
0.0005402432
0.0004905555
0.0334593728
0.0236641075
0.0011675346
0.0014056393
0.2707607746
0.0263027903
0.1857859343
0.0303385854
0.0632229820
0.1115615964
0.0047670556
0.0383937545
0.0021782604
0.0341474488
0.0065901405
0.1078167707
0.1032894701
0.0275853220
0.0090968460
0.0160147436
0.0000613675
0.0057223439
0.5971861482
0.0050356523
0.0000252224
0.0078449808
0.0001640690
0.2477442920
0.0003340906
0.0896612555
0.0003959538
0.0004895290
0.1186490208
0.0174346659
0.0245105568
0.2438714504
0.1001332328
0.2068843246
0.0021013191
0.0091527719
0.0413135737
0.0602107383
0.0128607443
0.0227926169
0.0049365796
0.0029567133
0.0124762449
0.0602774546
0.0003545827
0.0430500992
0.0003038273
0.0029520851
0.7180306315
0.0012034859
0.0130188409
0.0170364343
0.0122572677
0.0104521513
0.0306211691
0.0540123619
0.0062131374
0.0363390259
0.0008776648
0.0920202881
0.0021028926
0.0292723142
0.0375250168
0.0112510994
0.0394860096
0.0652209744
0.0057975249
0.0079288781
0.0439722203
0.0050287619
0.0193545241
0.0360274203
0.0495556258
0.0519497097
0.0014765074
0.1612670869
0.0028793882
0.0275194347
0.0045364136
0.0533783734
0.0004973147
0.0000170252
0.0566798262
0.0601935014
0.0028191616
0.0743525401
0.0382654294
0.0287917927
0.0765120015
0.0044975192
0.1559895426
0.0045183999
0.0044739218
0.0001642374
0.0002968368
0.0097798249
0.0010728519
0.0286934786
0.0280460604
0.0725072399
0.0423469022
0.3488821387
0.0300067216
0.0051728543
0.0182302799
0.0082281083
0.0473493077
0.0479489155
0.0032936353
0.0109904101
0.0023443711
0.0084961094
0.0171940159
0.0764607191
0.0004795550
0.0300236642
0.0138363466
0.0230577663
0.0349980518
0.0490135774
0.0177470278
0.0268205907
0.0010077159
0.0117910923
0.0080909701
0.1195690930
0.0383721516
0.0223316941
0.0722739398
0.0003713587
0.0104382820
0.0000844505
0.3262113631
0.0747780576
0.0024882264
0.0207690820
0.1395159215
0.0033601327
0.0390242003
0.0026619581
0.0188455749
0.0212157518
0.0004802132
0.0121819740
0.0157318953
0.0001850407
0.0108415112
0.0076383851
0.0687413365
0.0753817707
0.0040258206
0.3304016888
0.4949156344
0.0147957532
0.0503376536
0.0054041487
0.0020248534
0.1880054027
0.0066297320
0.0729571730
0.2185054272
0.0064695068
0.0475309230
0.0147407213
0.0058072465
0.0106425108
0.0055620805
0.0158389378
0.2638408244
0.0621124841
0.0394160599
0.0160820223
0.0197543241
0.0332816094
0.0242065135
0.0137175443
0.1172874644
0.0001659060
0.0006008040
0.0027692993
0.1138309613
0.0015844710
0.0113217300
0.0028048414
0.2038800716
0.0256065484
0.0194260590
0.0372224972
0.0201811548
0.0098187197
0.0139763951
0.8257799745
0.0101648727
0.1074836701
0.1372590661
0.0196977649
0.2260663062
0.0220333319
0.0022956422
0.0115427813
0.2787846923
0.0001310969
0.0548116080
0.0002391965
0.0033185934
0.0047542495
0.0012516046
0.0091242576
0.0081051383
0.1303816289
0.0805700645
0.0023225734
0.0695094913
0.0000786725
0.0053174058
0.1436495334
0.0127474694
0.1560682356
0.2978994846
0.1248951256
0.0702654645
0.0019935141
0.0075980630
0.0007550278
0.0018114400
0.1271416098
0.1482963860
0.0018127365
0.0272342470
0.0116605582
0.0859361812
0.1372845471
0.0661185682
0.0043110740
0.2640135884
0.0182387903
0.0256001558
0.0046801628
0.0255412906
0.0137312282
0.0086892052
0.4075909555
0.0033922554
0.1867092103
0.0117477383
0.0820239559
0.0203945357
0.0000980344
0.0064477329
0.0017507476
0.0488773622
0.0002633862
0.0011730354
0.0071968227
0.0002354104
0.0523450337
0.0856939033
0.0387854427
0.0004887576
0.0331671312
0.0045295665
0.0376149528
0.0321383737
0.0274677742
0.0003931779
0.0242622942
0.0484248623
0.0888804272
0.1035463437
0.0071505439
0.0014861716
0.0043296148
0.0116428938
0.4098893106
0.2084144801
0.0775294527
0.0014018681
0.0019516625
0.0001591166
0.0017569436
0.0035570627
0.0138594182
0.0021408806
0.0048903874
0.0313911997
0.0725452229
0.0079537239
0.0236539207
0.0346330740
0.0327471234
0.0087863859
0.0000136488
0.0015412486
0.0004486617
0.0702556223
0.0033743554
0.0256264247
0.0047411504
0.0263264664
0.2608042955
0.0519483462
0.0219040159
0.0551290885
0.0647392124
0.0040560635
0.0521839410
0.0173188243
0.0071569481
0.0074219522
0.0338539220
0.0382788107
0.0035204461
0.0059298580
0.0034550976
0.1106892750
0.0079414081
0.0000060321
0.0369500816
0.0000310811
0.0016185559
0.0631918684
0.0001036182
0.2890782952
0.0161997937
0.0124657396
0.0024529896
0.0032992598
0.0070188907
0.0009210268
0.0370877273
0.0043508946
0.0043726787
0.0005250153
0.1346312761
0.0012870003
0.5329538584
0.0566774681
0.0096507920
0.0105744051
0.6678956151
0.0039148922
0.2723859549
0.0066839550
0.0396283492
0.0002262516
0.0033649472
0.0508202612
0.0040880195
0.0418309793
0.3084878623
0.0009924911
0.0355358869
0.0011218479
0.0017566761
0.0013814265
0.1286125928
0.0010509043
0.0000018310
0.3933472335
0.8073114157
0.0129111046
0.0191905014
0.1054287627
0.1033408865
0.0024431334
0.0001863251
0.3762512207
0.0009750883
0.0676325485
0.0121460324
0.0010566969
0.0686212108
0.0312193856
0.0989878774
0.0102815153
0.0899942294
0.0427605733
0.0337925889
0.0046494948
0.0029841040
0.0061916048
0.0028200464
0.0809969231
0.1402147412
0.0022917402
0.0422607325
0.1150874719
0.0314493328
0.1944289505
0.0056764041
0.0011389501
0.0169665068
0.6584442854
0.0458455570
0.0242187642
0.0298974309
0.0005696494
0.0273434203
0.0000931615
0.3066520691
0.0008298652
0.0021968391
0.0037678240
0.1315014809
0.0008553528
0.0030101333
0.0048530237
0.0027296646
0.0100346943
0.0669638216
0.0007648960
0.0022984662
0.0037966445
0.0081578577
0.0007248209
0.0026585474
0.0383553840
0.0003298620
0.0251522530
0.0188055802
0.0165936127
0.0344717950
0.2470017970
0.0047064442
0.2199271619
0.0043906933
0.0140751163
0.0001397564
0.5339758396
0.0073363753
0.1084181964
0.0355612859
0.4823413789
0.0056378972
0.0009522123
0.1075505689
0.0051502180
0.0005083479
0.0632332936
0.0020998530
0.0052550859
0.0041140043
0.0239926018
0.0007234142
0.0197283383
0.0015073883
0.0079492070
0.0125154266
0.2202202380
0.0193444788
0.1042172387
0.0010741834
0.0009696993
0.1745588928
0.0102573549
0.0489052199
0.0500893034
0.2315633446
0.0031275577
0.0193907656
0.0009715868
0.0073156999
0.0012498660
0.4220272303
0.0082261832
0.0109558357
0.0014209130
0.0028095921
0.0024292772
0.1261968017
0.0152848223
0.0068144151
0.0362502448
0.0182521492
0.2867343426
0.0263673887
0.0055747284
0.0022440688
0.0141532188
0.1177426726
0.0273562577
0.0260126200
0.2071089894
0.0261488166
0.0174700059
0.0058268644
0.0719529018
0.3288778961
0.0010583895
0.0018818142
0.0022075726
0.0031519020
0.1722267270
0.0478606187
0.0006720520
0.0000039304
0.0714270398
0.0250464659
0.0081078829
0.0004771270
0.0496733300
0.0081919804
0.0250672977
0.0158857666
0.2323442549
0.0005355765
0.0199922416
0.0343367606
0.0006191812
0.0048441566
0.0408640727
0.0062624109
0.1527726203
0.0133105414
0.0447760411
0.0098264730
0.0280858614
0.0164416283
0.0526992269
0.0037051104
0.0460513346
0.0729921609
0.2608885169
0.0038658250
0.0199934933
0.0069329003
0.0000148368
0.0173355415
0.0187974591
0.1713249236
0.0099342279
0.2122855484
0.0917726606
0.4639637172
0.0281586498
0.8668331504
0.0064429906
0.0262164529
0.0571530312
0.0011003384
0.0786909238
0.0083214268
0.3059940636
0.0073679006
0.0175147820
0.0001580171
0.1821939349
0.0022195438
0.0081610754
0.0032371967
0.0228820723
0.0059934515
0.0006076296
0.0443815328
0.0196511168
0.0278694667
0.0020655948
0.0151051609
0.0025407327
0.0360827744
0.0354050137
0.0391156785
0.0663208514
0.0210711546
0.0657635480
0.0434648357
0.0051426841
0.0035315224
0.0178205073
0.0125613110
0.0055429395
0.2783254683
0.0040383269
0.0161810648
0.0677178726
0.0011519010
0.0036570237
0.3150770068
0.0522492342
0.0203731880
0.0003555210
0.0008313245
0.1352709532
0.0049691768
0.0799880624
0.0005890392
0.0730298534
0.0453859121
0.0002722426
0.0045757359
0.0765945986
0.0319404677
0.7193275094
0.0015045030
0.0253696572
0.0018457745
0.0086013246
0.0096825082
0.0001737766
0.2475247532
0.0048332182
0.0292739421
0.0317390375
0.0000216617
0.0155785726
0.0122285858
0.0011911506
0.0314213857
0.0852542222
0.0256017502
0.0009271813
0.0002577549
0.0757128745
0.0002051117
0.0661379620
0.1096112207
0.0079449471
0.0025279352
0.0000104382
0.0248453170
0.0094580520
0.0183123145
0.0030555441
0.0815664828
0.3031676114
0.0396914855
0.0267066304
0.3327756524
0.0314932987
0.0065597543
0.6491755843
0.0070153452
0.0195490606
0.0477121547
0.0027664287
0.0073727001
0.0225904435
0.0079858601
0.3973709941
0.0504618660
0.0022377081
0.2096600980
0.0042727031
0.0006523032
0.1152323633
0.0154635748
0.0001004499
0.0200975593
0.0000631499
0.0167592503
0.0085511887
0.0040588635
0.1977559179
0.0003476085
0.0212791860
0.0282713380
0.0271104909
0.1039942503
0.1638942361
0.1396934390
0.0075001461
0.0022794073
0.0875768140
0.2109989673
0.0220699087
0.0038589709
0.0001526510
0.0299331546
0.2763373256
0.0700359270
0.0031394942
0.0655635595
0.0337134153
0.0552741140
0.0076350970
0.0015737781
0.0092710955
0.0003220086
0.0020360162
0.0420805179
0.0443512984
0.0108208116
0.0252923500
0.0062433681
0.0434286296
0.0268356502
0.0027368821
0.0019724662
0.1795997471
0.0360074453
0.0062523265
0.0701378137
0.2113506347
0.0479701348
0.0143625913
0.1427909434
0.0017618237
0.0042776926
0.0045355693
0.1124266312
0.0097542387
0.0043524685
0.0068038441
0.0007985865
0.0010703615
0.0596014410
0.1222756431
0.0864222273
0.0186930522
0.0316556692
0.0008503902
0.0114576649
0.2744534612
0.4184960127
0.0005254056
0.2723073959
0.0286295209
0.0076607582
0.0173752103
0.0472246259
0.0082040150
0.0616221912
0.0012396406
0.0732353479
0.0898747072
0.1043710932
0.0010779775
0.0394002125
0.0221977085
0.0476412922
0.0852407143
0.0027198403
0.0131906020
0.0063245450
0.2781002820
0.0088708391
0.4300724864
0.0977398232
0.0634238049
0.0056857853
0.0468282364
0.0141306492
0.3518494070
0.0101921903
0.0007886303
0.1514178365
0.0066331937
0.0096353674
0.0067122541
0.0317895412
0.0022257967
0.0009375817
0.2695649862
0.2327841073
0.0000137495
0.0113036232
0.0151812909
0.0101737240
0.0135481674
0.0098019512
0.0197339375
0.0175343063
0.0701082051
0.0326800123
0.0040131165
0.0821073055
0.0280002654
0.0056858477
0.0065614106
0.0269569065
0.0071769394
0.0249669161
0.0009148569
0.0069968146
0.0153733883
0.0922409222
0.5854831338
0.0093021784
0.0035991424
0.0281792041
0.0017330898
0.1577297151
0.0072897505
0.0370282829
0.0126748933
0.0122721773
0.0004765254
0.0578720234
0.0218601413
0.0068757762
0.0535674058
0.0115191173
0.0259819217
0.0344166569
0.0034639814
0.0109423120
0.0010723966
0.0499260649
0.0038278282
0.0050597219
0.0042598364
0.0013408904
0.0507191047
0.1358706355
0.1448013186
0.0593406186
0.0160162840
0.0022556775
0.0022979097
0.0011611588
0.0003167859
0.1916752607
0.0422034562
0.0269873533
0.0000837731
0.1348633468
0.0303437468
0.0000136223
0.0487320982
0.2750258744
0.1108731553
0.6299566031
0.0019969305
0.0034407319
0.0069144354
0.0934083164
0.2112513185
0.0036173791
0.1178263575
0.0397345647
0.1660512388
0.0336789787
0.0454546995
0.0285539441
0.0057728603
0.0111507894
0.0938047543
0.0540927425
0.0003906203
0.0010861120
0.0003163425
0.0365217440
0.0012555185
0.0349104516
0.0013773993
0.0018457044
0.0686962754
0.0043393858
0.0415791757
0.0141796693
0.0165401027
0.3769232631
0.0170325246
0.0750359893
0.3250591457
0.0072727306
0.0001315649
0.0876601934
0.0293844007
0.0651389956
0.2146746516
0.1770420372
0.0008582719
0.1263340712
0.0125566395
0.0447488800
0.0140047269
0.0287042838
0.0814217180
0.0641504526
0.0154181672
0.0150094032
0.2439064234
0.0264368057
0.0392730609
0.0420809723
0.1246934906
0.0251477864
0.0407390296
0.0011817433
0.0126970680
0.4503649771
0.0036300870
0.0011887335
0.0044599432
0.0008132082
0.0079366006
0.0001937430
0.1631905138
0.2861015201
0.0161513425
0.0186371543
0.0025176685
0.2040671259
0.0006851680
0.0027985505
0.5068051219
0.0034078457
0.1442205459
0.0061976551
0.0027596951
0.0006516500
0.0569985248
0.0388493314
0.0002656350
0.0392511003
0.0025880875
0.0009083486
0.0007959980
0.0005689979
0.0149279516
0.0380849950
0.0002903058
0.0129604954
0.0201033447
0.1995198578
0.0213144887
0.0210172255
0.0149888471
0.0323819406
0.0404686853
0.0002614821
0.0956977904
0.0216342304
0.0010571566
0.2172554135
0.0332165249
0.4336606264
0.0151324337
0.4538589716
0.0013623318
0.0137190232
0.0080353683
0.0536900945
0.0860209763
0.0134224184
0.0121960808
0.0031420218
0.0012620739
0.1710419953
0.1997215897
0.0173058193
0.1093133688
0.0150386170
0.0003756149
0.0397101380
0.0005767962
0.0744654313
0.0048074801
0.0029758730
0.0286128558
0.0008302666
0.1341548860
0.0048988531
0.0152569450
0.0011498508
0.0016638134
0.0023102192
0.0226482488
0.0006495378
0.0201078728
0.1508257240
0.0053718952
0.0534360744
0.0505504757
0.0864625722
0.0035741227
0.0034694998
0.0009248723
0.0090759154
0.2624822259
0.0143875144
0.0022367919
0.0933448598
0.0244186483
0.1589796394
0.0008277486
0.0616455413
0.0091852155
0.2476951331
0.0443202071
0.1307291985
0.0010546463
0.0000566013
0.0000224495
0.0022132716
0.0113663217
0.0356353633
0.0057065892
0.0004170298
0.0021754587
0.0668325573
0.0434534289
0.1478773654
0.0621639192
0.0108486731
0.0762786269
0.0136681395
0.0901791826
0.0954555497
0.0106317662
0.0243739560
0.0594939291
0.0172279980
0.0349620506
0.0019742092
0.0003996348
0.1282570511
0.0300660599
0.1485931575
0.0255292878
0.1268698722
0.0047387453
0.0007364408
0.0452043340
0.0011439605
0.1937821954
0.3445776105
0.5421895385
0.0967887565
0.0045129210
0.0029105158
0.7220391631
0.0503390878
0.0030293870
0.0164527986
0.0323184058
0.3330781460
0.0309741180
0.0712008178
0.0403873138
0.0309696682
0.0396612287
0.1278953552
0.0022791841
0.0028540578
0.0087855421
0.0002963086
0.0626545325
0.0003783927
0.0014255388
0.0273476113
0.0021266991
0.0005660211
0.0131423119
0.0826455802
0.0016473916
0.0346515365
0.0427108184
0.0074715442
0.0234176926
0.0276430603
0.0280840155
0.0253513642
0.0280589443
0.0607453063
0.0020907929
0.0010776463
0.0683284700
0.0532403737
0.0347240083
0.0081367102
0.0129631115
0.0011235030
0.1181517765
0.0217340793
0.0180170368
0.0130772274
0.0729828179
0.0287165921
0.0309405606
0.0005465249
0.0004204247
0.0628387779
0.0253844876
0.0242683273
0.0069831517
0.0105155176
0.0045609670
0.0142643237
0.0006458576
0.0124753993
0.1766417027
0.0286380816
0.0487639084
0.1285209656
0.0136605296
0.0048455084
0.0012016138
0.0007246120
0.1150706857
0.0041538682
0.0117225880
0.0107925106
0.0037529259
0.1207241341
0.0001571748
0.1178797558
0.0291848518
0.2357020825
0.0021436706
0.0447688401
0.0216394681
0.0029424026
0.0029484397
0.0003888525
0.2379601896
0.0000010561
0.0219093710
0.0003622592
0.0017516670
0.0003297878
0.1882982105
0.0035712235
0.0069837961
0.0267827660
0.0027726605
0.0016110666
0.0005026438
0.0122913243
0.0002190524
0.0248015504
0.0043239696
0.0065682991
0.0009922907
0.0329506323
0.0056919949
0.0179046374
0.0210612323
0.1462056339
0.0087952446
0.0297293924
0.0187016521
0.0112612993
0.1436891407
0.4027284980
0.0000409655
0.1002534404
0.0000548475
0.2755599320
0.0655756220
0.0968442634
0.2534192801
0.0187560376
0.0146474531
0.0019589348
0.0010343633
0.0340577550
0.0007537603
0.1496617645
0.0009407977
0.0005822304
0.0009170696
0.0141894650
0.2007489055
0.0137122357
0.0452082530
0.0001417426
0.0058437218
0.2758967578
0.0299538746
0.0036262430
0.0179052409
0.0031783991
0.0154349916
0.0614398085
0.0021226066
0.0092270738
0.0001335885
0.0024251933
0.0686250776
0.0075040543
0.0445937440
0.0006201577
0.0215484463
0.0079961829
0.0034252536
0.0297115911
0.0009027227
0.2453315556
0.0198549237
0.0252878368
0.0187126826
0.2727186680
0.3444781601
0.0002110933
0.0024094800
0.0004091170
0.0366194881
0.0329607613
0.0010356298
0.0003385965
0.0165364258
0.0453364216
0.0597013719
0.0012156438
0.0989386514
0.0649151951
0.1473716795
0.0352651998
0.0010985631
0.3122085631
0.0042748908
0.0308847744
0.0084213233
0.0013491041
0.0089287218
0.1954342872
0.1053266302
0.0007875762
0.0015221280
0.0113086551
0.0757005513
0.0110295434
0.0200050268
0.0421290398
0.0933748856
0.0632718131
0.0062676868
0.0230470970
0.0112525159
0.0038382662
0.0207169633
0.0096816849
0.0024206720
0.0071677142
0.0406534113
0.0158268269
0.0528887846
0.0737530813
0.0593408197
0.0014461991
0.0117423758
0.0002251723
0.0612591468
0.0172736868
0.0143746063
0.0106798140
0.1238171980
0.0367410518
0.1237468049
0.0195748154
0.0018235295
0.0003551026
0.0002096929
0.0785557851
0.0975865722
0.0049912152
0.0209327005
0.0145427044
0.0725342780
0.0133828726
0.1733518690
0.0144436508
0.0034375747
0.0030078972
0.0161112994
0.0042668507
0.0024281368
0.0030255415
0.0116439415
0.0091895945
0.0007554207
0.0331579000
0.0993947014
0.0179372672
0.0197405610
0.0004908291
0.2377614975
0.0451850332
0.0972810239
0.0023495003
0.0058977413
0.0000505429
0.0009436993
0.0856256485
0.1006295756
0.0085587958
0.0343889892
0.0088572409
0.0052161729
0.0180087462
0.0096845292
0.0011371829
0.1248371080
0.0008213776
0.0018791695
0.0249412041
0.0053768195
0.0027276832
0.0022794877
0.0032525221
0.3723611236
0.0513195693
0.0463432558
0.0004253401
0.0022477251
0.6321696639
0.0160465073
0.0003905265
0.0530325808
0.0032680456
0.1499827355
0.0001202528
0.3160225749
0.5152435899
0.1577833742
0.0000844588
0.0604877807
0.0206462964
0.0010259540
0.0034414942
0.7170761824
0.0093256738
0.0010253706
0.0299351327
0.1528140455
0.0001611493
0.0030229695
0.0147404512
0.0270947833
0.0232473649
0.0410785079
0.0128804706
0.0002237818
0.3928067088
0.0001855292
0.0017885028
0.1119389459
0.0069444827
0.0015183492
0.0025876653
0.0365270637
0.0504977070
0.0004030687
0.0048542721
0.0576429367
0.0048908889
0.0006079618
0.1305875331
0.0016198857
0.3980978727
0.0010160330
0.0114599122
0.0024897854
0.2211097777
0.0030497466
0.0066832523
0.0013245984
0.0328093283
0.0042769671
0.0319863893
0.0351771638
0.0176852569
0.0025337636
0.0026423100
0.0585271865
0.0043030758
0.0005639424
0.0041332711
0.0068694036
0.0145083573
0.0180818662
0.3130366206
0.0017911752
0.0316446498
0.4142687023
0.0085327411
0.0148393987
0.1039552093
0.0133519946
0.0482191406
0.0532750003
0.0535946041
0.0003477418
0.0011803164
0.0079988614
0.0040218858
0.0402648561
0.0023993489
0.0481477380
0.0000150926
0.0033835531
0.0116584208
0.0004130155
0.0012505542
0.0037172257
0.0097203022
0.0012913193
0.0002539302
0.0022955921
0.0003464014
0.0032938353
0.0045232372
0.0463895239
0.0899309292
0.0003395414
0.1208365709
0.0062717688
0.1656277776
0.0133110117
0.2300518751
0.0052733114
0.0008229837
0.0819064677
0.0817539915
0.0051497370
0.0394962728
0.1068889424
0.0137561839
0.0405460149
0.1381652802
0.0120301750
0.0022263920
0.0498821735
0.0391080230
0.0000295804
0.1593353599
0.0168212317
0.0091779437
0.0030834870
0.2286099792
0.0848732740
0.0368718803
0.0177126229
0.3219293654
0.0406946391
0.1424734294
0.0271283519
0.2553394437
0.0003709044
0.0005617590
0.0189618766
0.0148600107
0.0058749523
0.0414205343
0.2377142012
0.0005785333
0.4243188202
0.0020262685
0.0191028304
0.0175694656
0.0108794179
0.1467560530
0.0141126839
0.4020459354
0.0287652630
0.0092358440
0.0106249861
0.0037378184
0.0063549834
0.0215955880
0.0013365811
0.2213416100
0.0211261678
0.0022085474
0.0023220975
0.0912023932
0.0307736378
0.2493549585
0.0214143768
0.0075578634
0.0000350196
0.0728310794
0.0028602360
0.1791053116
0.0109470449
0.0226782765
0.0087217754
0.0324668288
0.0006011013
0.0218072385
0.0028939876
0.0525080673
0.2310200483
0.0460426025
0.0001235915
0.0010143052
0.0149375824
0.0495304428
0.0031817893
0.0848233998
0.0287824124
0.0098030763
0.0132660260
0.0657736063
0.0309163202
0.0794856623
0.0005654172
0.0230558049
0.4355663955
0.1848220676
0.0440394431
0.0002536381
0.0556137674
0.0170895960
0.0258332640
0.0231158342
0.0540986955
0.1227255836
0.0300806984
0.0063928929
0.0017022645
0.0552856699
0.0293563902
0.0407736488
0.0026286307
0.0030311460
0.1925378740
0.0028891824
0.0044432827
0.0087286131
0.0028712871
0.0264322795
0.0081688296
0.0599448048
0.0030654040
0.0124016143
0.0796299875
0.0027348406
0.0021157579
0.0277976952
0.0252808668
0.0006887735
0.0242845565
0.0295471698
0.0115238838
0.0016864793
0.0130688166
0.0003955516
0.0018005215
0.0425690040
0.0003082807
0.0005993108
0.0206892174
0.0040873187
0.0021495107
0.0227985140
0.1031644121
0.1283471733
0.1063556224
0.0010189746
0.0018471956
0.0018124207
0.0052517420
0.0052115303
0.0014457694
0.0069509046
0.0090848831
0.0016053345
0.0578381456
0.0837726668
0.0175494850
0.0091401832
0.1208246052
0.0201773085
0.0067249290
0.1008852422
0.0298444666
0.4437011182
0.0063380981
0.1563481390
0.0023726083
0.0397463292
0.0193993542
0.0105656823
0.0445336774
0.0282216091
0.0787778050
0.3069224656
0.0003728685
0.0012422765
0.0188131202
0.0241728574
0.0150061967
0.0210774019
0.0449561961
0.1047912911
0.1615165174
0.0300542004
0.0143642062
0.0842256472
0.0195768476
0.0260878708
0.0015302772
0.0022894060
0.0000100079
0.0391077138
0.0292273480
0.0015521160
0.0001892311
0.0011269812
0.0000361446
0.0271104611
0.0001012167
0.0044215005
0.0451254286
0.0347339064
0.0462307818
0.0167705752
0.0191576891
0.0409308448
0.0160929803
0.0086075561
0.0007255074
0.0092485538
0.0226434097
0.2999168336
0.0307480097
0.0070253578
0.0070594484
0.0071371202
0.0000426927
0.0158038326
0.0001128114
0.0056727529
0.0525281504
0.1027623191
0.0065252678
0.0004976476
0.0016330106
0.0155171612
0.0034746081
0.0462224223
0.0069122808
0.0738454312
0.0007489442
0.0247589741
0.0003304661
0.1159989238
0.0056637581
0.0199007597
0.0029708135
0.0000903789
0.0293613914
0.0000807046
0.0153371152
0.0067967786
0.0739699751
0.0029732026
0.1565706730
0.0131016020
0.0208463203
0.0007869236
0.0013511105
0.0006917435
0.1416544020
0.0653533340
0.0088489400
0.0069550565
0.0346155949
0.0030347535
0.0016219768
0.0015622074
0.0169907007
0.0132887280
0.0006619311
0.0080812294
0.0098381955
0.0918046013
0.0000960914
0.0020514014
0.0003188210
0.0493758842
0.0102865156
0.0071829963
0.0211064350
0.0861649215
0.0020236752
0.0151282912
0.0066349660
0.0258646999
0.0094019119
0.0522157177
0.0006348451
0.0089156255
0.2187751681
0.0362947285
0.0067294245
0.0118100978
0.0143618155
0.0054749288
0.0010025267
0.0487700254
0.0014864121
0.0121139875
0.0839043334
0.0054754615
0.0838235244
0.0028078787
0.0069944393
0.0155877583
0.0062613343
0.2790723443
0.0015615746
0.0013361552
0.0102837766
0.0108245127
0.0043319361
0.0006703716
0.0094706891
0.0374406800
0.1997339725
0.0093884915
0.0871798545
0.0172426570
0.0429100581
0.0039107180
0.0001294068
0.0032008458
0.0043306611
0.0291897822
0.4261188507
0.2350866497
0.0177231450
0.0012914011
0.0390555225
0.0096312547
0.0229845326
0.0583995655
0.2002774328
0.0309722163
0.0568556935
0.0166389532
0.0166786183
0.0084973788
0.0064202659
0.0102738328
0.0248280484
0.0010369763
0.1536067575
0.0076870909
0.0967749208
0.0304859802
0.0876105577
0.0066903438
0.0230185669
0.1232387573
0.0251068342
0.0000520916
0.0269362144
0.0276080351
0.0568415597
0.0008810716
0.0448762737
0.0050486941
0.0014962829
0.0007049278
0.0115499804
0.0003837807
0.0282361358
0.2886368334
0.0030122388
0.0086005442
0.2059282959
0.0017546444
0.0549897216
0.0272168983
0.0343988873
0.1291063726
0.0033453670
0.0087245377
0.0030182134
0.0791862607
0.0006485410
0.0593550056
0.1789173484
0.0015497997
0.0330144167
0.0029045797
0.0643048882
0.0950978771
0.0000723813
0.1455583721
0.0535033680
0.2961902022
0.0412735082
0.0259880871
0.0080032963
0.0009489563
0.0030126313
0.0006837551
0.0027289481
0.1853764355
0.0672906861
0.0478477478
0.2287890464
0.0017378613
0.0328679010
0.0317297727
0.0580076948
0.0172938053
0.2327813208
0.0102851801
0.0080210296
0.0519504622
0.2898387313
0.0013219959
0.2426515073
0.0756176338
0.0029069893
0.3767972291
0.0349891298
0.1299116462
0.1403807700
0.0614893995
0.0578018837
0.0209743045
0.0140132951
0.0029630454
0.0028198508
0.0715037361
0.0099954642
0.0214933585
0.0182468276
0.0018132741
0.0006487973
0.0348845609
0.0897103176
0.0030427971
0.0451214835
0.3561244309
0.0702383071
0.0038963899
0.0013886258
0.0067595146
0.0056016846
0.0674558207
0.1009632051
0.1008769125
0.1750388592
0.0255296659
0.0005000677
0.1208529472
0.0019155710
0.0481562950
0.1792128384
0.0045239413
0.0022772516
0.0013302028
0.0143734962
0.0153789092
0.0918035805
0.2324610949
0.0422645919
0.0168509800
0.0051948088
0.0549835898
0.0010098427
0.0047035059
0.0091081094
0.0171175878
0.0004959939
0.0952217430
0.0346977860
0.0065870564
0.0479289703
0.0064086867
0.0003490334
0.0152068911
0.0001918055
0.0449263230
0.0610633455
0.0028923687
0.0388926491
0.0013158551
0.0005864280
0.0044067102
0.2594592571
0.2134674489
0.0027137978
0.0031588869
0.0437623002
0.0012421329
0.0105418609
0.2052588314
0.0013394936
0.0003853494
0.0047580553
0.0001583992
0.0563282333
0.0008622725
0.0057123466
0.1449823081
0.0091944495
0.0047651916
0.0000155022
0.0000281339
0.0006546635
0.0024464794
0.0012676029
0.0080338717
0.0029596554
0.0034157510
0.2503292561
0.0061325328
0.0075332606
0.0002529358
0.3297480345
0.0417667143
0.0027108430
0.0006572508
0.3472914994
0.0047047380
0.2273816168
0.0129652964
0.0064209467
0.0085697230
0.0000079789
0.0959304497
0.0098642837
0.2636260092
0.0007633174
0.0026230647
0.0955997482
0.0274696648
0.0227785613
0.0006394906
0.1350119561
0.0858920664
0.0034388392
0.0146600036
0.0072826971
0.0073664808
0.0044487366
0.2779069543
0.0199045464
0.0014901664
0.0434792489
0.0268238038
0.0069371955
0.1103897169
0.0048870677
0.0062410259
0.0208240617
0.0101383096
0.0563242882
0.3534767926
0.0057945549
0.0386147723
0.0000432583
0.0132807465
0.0305666644
0.0003664660
0.0105595523
0.0927591473
0.0012093927
0.0079194466
0.0265147965
0.0006032780
0.0044301464
0.2095841318
0.0000933827
0.0020118207
0.0011367785
0.0151549438
0.0000098180
0.0046933931
0.1010596380
0.1382096559
0.0935419872
0.0573163182
0.0068634949
0.0232611038
0.0096392361
0.0158891808
0.1080416292
0.0202685203
0.0010975547
0.0858274698
0.1384036988
0.0015002991
0.0586895496
0.0002904963
0.1349642724
0.0233096927
0.0006900757
0.0006130374
0.0313219838
0.0008954454
0.0027157820
0.0442762040
0.0000979716
0.0008970415
0.0889625028
0.0020147630
0.0873785242
0.0419822820
0.0011846629
0.0325522944
0.0066937609
0.0554200187
0.0255048275
0.0121023236
0.0014435421
0.0288393330
0.0009797862
0.0364167430
0.0669629425
0.0116250468
0.0062652756
0.0077640358
0.0325553156
0.0245622974
0.0197861400
0.1237683371
0.0084876660
0.0015096724
0.0005451813
0.0147242481
0.0069003967
0.0001629140
0.0108770225
0.0001154747
0.1846799403
0.0021303410
0.0023674942
0.1536720544
0.0708387047
0.0203100350
0.0008011612
0.0852254257
0.0048728343
0.2007390112
0.0839643851
0.0162039977
0.0997537225
0.1649167240
0.6905038357
0.0289170742
0.0003559901
0.0080701252
0.0126782181
0.0034529360
0.1122993529
0.0342008509
0.0150944181
0.1624152809
0.1074847206
0.0524263307
0.0028053029
0.0919827074
0.0293701794
0.0053973533
0.0120133990
0.0008723830
0.0065508420
0.0253559295
0.4485242963
0.0083494950
0.0021282830
0.0361667685
0.0008205340
0.0004434289
0.0852808952
0.0044453563
0.0162831116
0.0029572910
0.0502680391
0.0074295928
0.0015379633
0.0127117941
0.0137468390
0.0040105903
0.0019150377
0.1357173473
0.0104061430
0.0062247193
0.0634407029
0.0207818393
0.3863489926
0.0227174070
0.0005917825
0.0003449435
0.2341092378
0.0186241809
0.0355889015
0.0138812214
0.0023771783
0.1249462590
0.0047891382
0.0907013416
0.0133935232
0.1873152703
0.4482288957
0.0162714515
0.0491192602
0.0360997431
0.0000442168
0.0055067535
0.0339629985
0.0324989669
0.1346465945
0.0357356369
0.0018281171
0.0123414872
0.0032718938
0.0047193635
0.0002032063
0.0323266797
0.1469384134
0.1579590738
0.0507488810
0.0564317480
0.1854868829
0.0067676925
0.0970162898
0.0003043422
0.0134652229
0.0243952572
0.1538916826
0.0057550301
0.2449768782
0.2498243153
0.0036084875
0.0112735601
0.0297638923
0.1088850945
0.1051633656
0.0001203710
0.0000370562
0.0032920702
0.0004700867
0.0003297233
0.0233913809
0.0583561957
0.0069098659
0.0056194901
0.0001756739
0.0026404960
0.0416425392
0.0777513236
0.0090109454
0.0008104063
0.0029642857
0.0009516389
0.0015954154
0.0500791073
0.0219447426
0.1517288536
0.1443425864
0.0129019925
0.1034963429
0.0113386307
0.0030039132
0.0965318158
0.1090625376
0.0002260933
0.0080456296
0.0037148516
0.0508247465
0.1008711457
0.0020517705
0.0043987576
0.0355472863
0.0049039531
0.0005111887
0.0007318704
0.0071978997
0.3237244785
0.0163715277
0.0043103900
0.0020292569
0.2074368745
0.0020015829
0.0311916862
0.0001118990
0.0320033059
0.0025370389
0.0025985728
0.0312734693
0.0349749438
0.0192226134
0.0003747226
0.0654381141
0.0004546584
0.0051933108
0.0064455494
0.0007821349
0.0818081424
0.0053297500
0.0012153434
0.0002442461
0.0007268168
0.0150855090
0.0137016699
0.0246115141
0.0003344341
0.0021814259
0.0366620719
0.0026399887
0.0153662562
0.0383371934
0.0263691582
0.0008500694
0.0368845649
0.0108991666
0.1428586096
0.0028398968
0.1543572694
0.0008788547
0.0423903726
0.0023005141
0.3525305986
0.0029466597
0.0278591160
0.0453629643
0.0188255440
0.0008111565
0.4231685102
0.0011351341
0.0001681955
0.0005426782
0.2040570229
0.0597877242
0.0016858596
0.0387252346
0.0473421775
0.0577168539
0.0779717416
0.0029135298
0.0313382521
0.0347104520
0.0208939593
0.0027860512
0.0016141653
0.0795376673
0.0415275134
0.2610336840
0.2154991478
0.0110181011
0.0150922993
0.0150896823
0.0270643234
0.0034459124
0.0422691293
0.0379200913
0.0098600136
0.0364754125
0.0102385757
0.0045474153
0.1923228353
0.0014284151
0.0138345761
0.0161232017
0.1632165313
0.0006679867
0.0002676185
0.0058652852
0.0032676701
0.0004025227
0.0449033827
0.0252749864
0.0012913015
0.0190508366
0.0234049801
0.0178433806
0.0133286463
0.0003658712
0.0007284814
0.0012156647
0.0064148507
0.0008575974
0.0201836620
0.0015048434
0.0683248937
0.0327639356
0.0925928578
0.0556925461
0.0461234711
0.0002968085
0.0005528387
0.0003932173
0.0506060869
0.1376048177
0.0040590093
0.0010076286
0.0117623517
0.0125683276
0.0028512268
0.0008644488
0.0042298799
0.0018670976
0.0952032357
0.0169303026
0.0382724218
0.0002402605
0.0451698080
0.0000934193
0.0217311494
0.0023706735
0.0049688350
0.0000408770
0.0260107704
0.0069182119
0.0310489032
0.0255597513
0.0038999505
0.0028453032
0.0216353685
0.0020905330
0.0384931862
0.0837518945
0.0076774508
0.0175886117
0.0699485689
0.0055586272
0.0116284713
0.1576018780
0.0031793844
0.1135052219
0.0017406779
0.0020272676
0.0088668149
0.0169876665
0.0332935490
0.0603585690
0.0280497391
0.0014198215
0.3012110889
0.0041049225
0.2317021638
0.0014018593
0.0017529266
0.0353302620
0.0024339790
0.0007651584
0.0357862711
0.0964917839
0.0191534050
0.0107952394
0.0175443478
0.0497172810
0.0081327092
0.0002171453
0.0107256407
0.0063932016
0.3744224906
0.0125812702
0.0176995192
0.0615242049
0.0123562813
0.0674588233
0.0035006427
0.0279687848
0.0303805899
0.0145975649
0.0573647134
0.0003462789
0.0178629123
0.0229754858
0.0000456466
0.0881638154
0.0326221585
0.0026310470
0.0145335579
0.0009767039
0.0007631480
0.3718143702
0.0107023725
0.0093018804
0.0016516793
0.0012860652
0.0524979867
0.0203207601
0.0049303086
0.0076750312
0.0016335796
0.0212285891
0.0036185083
0.1102165952
0.0441627018
0.0194388628
0.0083621340
0.0083422530
0.2024763077
0.0462691374
0.0104178665
0.0091920700
0.0006303846
0.0474456213
0.0240626819
0.0012079616
0.0342838988
0.0073497426
0.0202101525
0.0328518227
0.0728681460
0.2072521895
0.0038288680
0.5438016653
0.0490065143
0.0007656406
0.6062591672
0.0227461457
0.0144628175
0.0323731191
0.0018905245
0.0210287161
0.0134395603
0.0120353661
0.6621887088
0.0620404109
0.6326199770
0.1555385292
0.1228390783
0.0025043718
0.0271686576
0.1110430285
0.1331644654
0.0085194185
0.0190361850
0.1631734520
0.0474604368
0.0008561098
0.0033052186
0.0004975060
0.0602129027
0.0149992919
0.0539196730
0.0011480591
0.0005567136
0.0006236885
0.0221962966
0.0077607008
0.0467317626
0.0122256260
0.0257517397
0.1174874008
0.0004455332
0.0029724243
0.0003248345
0.0012153820
0.0723809451
0.0000666628
0.0267405584
0.0074102073
0.0389246531
0.0080078337
0.0518667400
0.0199371129
0.0025798008
0.0002697228
0.0131431660
0.0447234698
0.0148115540
0.0304738879
0.0213511754
0.0009301137
0.0000156822
0.6806907058
0.0030625230
0.0058178576
0.0059244242
0.0437665954
0.0300720353
0.0889060050
0.6013029814
0.0022775950
0.0017196015
0.1068078801
0.0358003005
0.0200101882
0.0000412351
0.0020409487
0.2274764776
0.0031560203
0.0466593206
0.0227083694
0.1918498129
0.0047167595
0.0059270337
0.0052719205
0.0117761996
0.0018193759
0.0032561740
0.3012803197
0.2112422287
0.2057637870
0.0197588671
0.0068979496
0.0019727864
0.0018942000
0.0000630151
0.0017951985
0.0158349406
0.0325725377
0.0359538980
0.0022654976
0.5493692160
0.1065273955
0.0026601891
0.0026475578
0.0300045405
0.0196772143
0.1106784791
0.0100144790
0.0012063116
0.0006601278
0.0095063662
0.0041182931
0.0082110092
0.0007694385
0.0375441387
0.0153598310
0.0081444066
0.0880340710
0.0198000632
0.0025112045
0.0011170034
0.0423986502
0.0496952720
0.0608311370
0.0002567094
0.0052778902
0.0023440223
0.0382082462
0.0012431702
0.0200136285
0.0024606627
0.1450625062
0.0022474707
0.0089693507
0.0005174685
0.0207020696
0.0005968545
0.2076352388
0.0008748569
0.0030296664
0.0002086365
0.0132259149
0.0241979938
0.0033302011
0.0020885377
0.0011926850
0.0000154699
0.0048923562
0.0107569033
0.0485524833
0.0067571811
0.5625546575
0.0088146115
0.1389848441
0.0072802361
0.1393941492
0.0032670659
0.0033934147
0.0123669887
0.0040327078
0.0019547588
0.0051909215
0.0053926073
0.1807202548
0.0113243414
0.0004836660
0.0289432164
0.0464162230
0.0716426671
0.4021349847
0.0002321886
0.0501040220
0.0132860970
0.0011337613
0.2591590583
0.0085669039
0.0379197113
0.0178723522
0.0024553675
0.1606076956
0.0016382049
0.0096267303
0.0090391468
0.6275945306
0.0017016302
0.0698812082
0.0213836413
0.0449112877
0.0000329653
0.0520762168
0.0922955796
0.0151767358
0.0004110619
0.0334517844
0.0055587031
0.3231464922
0.0087286467
0.2397615463
0.0010744537
0.0580789968
0.0751214847
0.0109200040
0.0056433449
0.0001086420
0.0442117117
0.0729413033
0.0012008265
0.0002571273
0.0119132204
0.0668349341
0.0014984079
0.2259427011
0.0106761912
0.0004679206
0.0322583392
0.0941011906
0.0117174080
0.0322711468
0.0713447332
0.0548575297
0.0275561269
0.0198573265
0.0855061859
0.0229536928
0.1097186506
0.0069448706
0.0248505417
0.0041850032
0.0110637005
0.0144474450
0.0017325726
0.0160663798
0.0265435930
0.0149621451
0.1094008386
0.0185655057
0.0009093388
0.0059948149
0.0000324572
0.0991136208
0.0692617968
0.0006426010
0.4439937174
0.0584078282
0.0283526983
0.0002846666
0.0026609038
0.0081553888
0.0000379600
0.0008645764
0.0002688894
0.0391963199
0.0652283877
0.0000250140
0.0242693909
0.0003935521
0.0008192651
0.0201829392
0.0095536765
0.0497582741
0.3165529072
0.0148666520
0.0052016811
0.0474452190
0.0051003238
0.0022645365
0.0330535173
0.0054192836
0.0297804177
0.0310659986
0.0724197924
0.0007901174
0.0104099847
0.0251737516
0.0051455903
0.1850334108
0.0017825977
0.0016818340
0.0003993850
0.0187388789
0.0586472452
0.0052543287
0.0040052682
0.0136728389
0.0015007127
0.0401591733
0.0320749730
0.0377045982
0.0001122310
0.0072790263
0.0010388285
0.0001779393
0.0163292717
0.0008847391
0.0483518131
0.0706790388
0.0443175733
0.0581707992
0.0053287819
0.0200606883
0.2309836745
0.1134286299
0.0005850646
0.0006461091
0.0222785361
0.1412238628
0.0196916964
0.0118926382
0.0065326542
0.0014340954
0.0049695116
0.0286190193
0.2131259441
0.0000875743
0.0007667771
0.1130809635
0.1404631436
0.0001408081
0.2106063664
0.0061850683
0.0020360993
0.0065757707
0.0501443632
0.0256745536
0.0684199184
0.0024797479
0.2707489729
0.0183103438
0.0452240519
0.0493004695
0.0396927223
0.0221080314
