0.2286912650
0.0064046802
0.0270791166
0.0251333136
0.0236711539
0.0029116466
0.0136828097
0.0190640073
0.0109403972
0.0259704422
0.0056256624
0.0223573688
0.0134694278
0.0000871891
0.0205836948
0.0096544838
0.0005923923
0.0533023030
0.0018921628
0.0065993248
0.2453180104
0.0320299491
0.0444369279
0.0023491369
0.0005985964
0.0088515282
0.0186060481
0.1090782955
0.0406962000
0.0027734768
0.0198336616
0.0240148045
0.0087156426
0.0265511237
0.0026494635
0.0415743142
0.1590598375
0.0109628132
0.0289627034
0.0015470500
0.0007942591
0.0051341038
0.0385771170
0.0212367792
0.0202791039
0.0065937871
0.0966381282
0.1254489720
0.0121589741
0.0051985136
0.0381651111
0.0621420071
0.0281955488
0.0225319844
0.0359567814
0.0456499867
0.0026160108
0.0005304921
0.1828850955
0.0159540530
0.0023423636
0.0040996666
0.0584334955
0.0227597542
0.0294125043
0.0231575575
0.2071395665
0.0161780119
0.0277314615
0.0217929445
0.0144224400
0.0236673634
0.0625274926
0.0039078756
0.0874011219
0.0657428503
0.0059666373
0.0110732047
0.0026071081
0.0380465649
0.0194281992
0.0071669677
0.1139565855
0.0090381568
0.0031045114
0.0974892825
0.0283765290
0.0083112111
0.0324686058
0.0022312626
0.1972564310
0.0158552993
0.0063815266
0.0201460961
0.0173895098
0.0024564292
0.0078308415
0.1576355249
0.0435898528
0.1220115200
0.0034659817
0.0044425926
0.0037927870
0.0718793646
0.0827328339
0.1632058471
0.0028473372
0.0060402662
0.0300114900
0.0004133789
0.1469180137
0.0042219344
0.0672582537
0.0006547747
0.0768769756
0.0165484510
0.0024743150
0.0621353611
0.0612098426
0.0723897070
0.0031856874
0.0093184216
0.0230176914
0.0645187795
0.0345102921
0.0393094085
0.0126894861
0.0573908836
0.0082109198
0.0023782004
0.0358435176
0.1100405678
0.0217280015
0.0697333589
0.0087392470
0.1117388830
0.2262991220
0.3131545782
0.0037305595
0.0079882508
0.0348399356
0.0156718120
0.0244578179
0.1120644808
0.0056497091
0.0044825459
0.0031535432
0.0353066809
0.0254266169
0.0012773509
0.0734773502
0.0336014256
0.0216322057
0.0625699535
0.0013484919
0.0009061702
0.0102042370
0.0351791903
0.1050494388
0.0022108469
0.0514721349
0.0212942418
0.0407940261
0.0445658490
0.0307972096
0.0518382229
0.0326930843
0.0235292744
0.0217789020
0.0071027074
0.4601815939
0.0129788620
0.0077742431
0.1445771158
0.0054336959
0.0195482075
0.0010015592
0.0201134775
0.0944656059
0.1536722183
0.0526190400
0.0837424174
0.0510563701
0.0036375574
0.0034152986
0.0498634167
0.0154837109
0.0114585133
0.0058293091
0.2364142686
0.0391105786
0.0007408473
0.0305702947
0.0195552837
0.0081764869
0.0131737972
0.0071472679
0.0259502530
0.0068911449
0.0022204882
0.0122068794
0.0301561039
0.0206918400
0.0188845266
0.0454548113
0.0762193352
0.0064698346
0.0585518740
0.0067156823
0.0023085910
0.0226109475
0.0094724335
0.0122642098
0.0003510950
0.0594701357
0.1277622133
0.0029231457
0.0334514566
0.0263884030
0.2757502496
0.0152457999
0.0293972548
0.0158169959
0.0154641569
0.0028221940
0.0422563516
0.0044607292
0.0246858057
0.0668392032
0.0403269902
0.0433491655
0.0087133031
0.0918280184
0.0041574775
0.1718283892
0.0067252568
0.0070809764
0.0709660128
0.0431661494
0.0734069720
0.0669703335
0.0146179916
0.0952711403
0.0398231447
0.0510017313
0.0991884544
0.0097875362
0.0650379807
0.0054698451
0.0062432000
0.0338678211
0.0530352481
0.0021637483
0.0229905676
0.0042279004
0.0500563607
0.0019863332
0.0086346949
0.0499722175
0.0599966981
0.0950005054
0.0284943245
0.0843962282
0.2448843420
0.0589858443
0.0135200592
0.0211141165
0.0007626772
0.0224158093
0.0343864150
0.0431745574
0.0095540369
0.0277740657
0.0599379055
0.0041252803
0.2091047615
0.0316761732
0.0032603459
0.0557905324
0.0816574693
0.0546150394
0.0349751972
0.0731276274
0.0037379498
0.0543847643
0.1429506689
0.0147452718
0.0016017769
0.0015673648
0.0102276020
0.0503541157
0.0050555901
0.2737021744
0.1152454838
0.0270615853
0.0582236424
0.0006086648
0.0118344640
0.0098623978
0.0046015801
0.1345059574
0.0832095295
0.0618032552
0.0069995951
0.0061644651
0.0225689802
0.0002858497
0.0474907793
0.0230760872
0.0833036974
0.0025867587
0.0090740928
0.0438879654
0.0009204351
0.0564468689
0.0182541199
0.2003107369
0.0037048762
0.0850352645
0.0431288816
0.1099238098
0.0246783383
0.0038823439
0.0213230103
0.0054458771
0.0374242142
0.1184255406
0.0821492895
0.0345778912
0.0088591538
0.0348219424
0.0053245402
0.0077309604
0.0044616903
0.0373931415
0.0873712674
0.3071945310
0.0214745291
0.0013120876
0.0002561290
0.0013656789
0.0117012011
0.0145783853
0.0038042737
0.0428761840
0.0077319853
0.0345898159
0.0303255636
0.0514882840
0.0047879652
0.1022025719
0.0268283039
0.0119945388
0.0076738223
0.0259914137
0.1100781411
0.0176244900
0.0038039270
0.1266179383
0.0087226080
0.0087652439
0.0404359922
0.0371579751
0.0020988181
0.0452825949
0.0052827117
0.0107635977
0.0041639698
0.0110772783
0.0065015620
0.0195925273
0.1090761870
0.0011789730
0.0734764263
0.0109790592
0.1002716571
0.4529633820
0.0352051780
0.0799853504
0.0574653372
0.0229542442
0.0891669616
0.0568065532
0.0350285545
0.0138466693
0.0162794758
0.1370538771
0.0685204044
0.0978645310
0.0172193106
0.1339918524
0.0067046345
0.0484285317
0.0012364155
0.0099475989
0.0426011793
0.0343428701
0.0413128920
0.0275253188
0.0830173418
0.0218982212
0.0079738749
0.0183384474
0.0085709020
0.0042763948
0.0804886669
0.0117577473
0.0017579451
0.0428075008
0.0161388516
0.0029061115
0.1438272744
0.0641238987
0.0071055791
0.0412501059
0.0567903072
0.0237228051
0.0618948787
0.0290273894
0.0046906429
0.0019122316
0.0188220181
0.0082916142
0.2162228078
0.1102313995
0.0444471017
0.0140759172
0.0249118246
0.0027807953
0.1405541450
0.0015783049
0.0210763048
0.0837062001
0.0100237476
0.0313799009
0.0766046122
0.0265753567
0.0330147371
0.0232110228
0.0546753109
0.0042065019
0.0232637469
0.0255953502
0.0050959196
0.0127763776
0.0017166693
0.1285620183
0.0067306422
0.1860087663
0.0017240428
0.0093040466
0.0291656647
0.0551833883
0.1419145912
0.0864013731
0.1441881508
0.1662615240
0.1031014994
0.0317633599
0.0662603304
0.0134213949
0.0047278372
0.0021657012
0.0101664905
0.0232266672
0.1953298002
0.0171156377
0.0239942633
0.0217463356
0.0126265418
0.0044741826
0.0138659682
0.0027777981
0.0762254670
0.0098254662
0.0105340844
0.0030795655
0.1274302751
0.0159491710
0.1522723585
0.0376260616
0.0497892387
0.0251979213
0.0007920363
0.0070071761
0.0037925027
0.0190721061
0.0121128755
0.0248110387
0.0027678614
0.0698853508
0.0065747984
0.0511884838
0.0324029215
0.1586825401
0.0563243255
0.0543703921
0.0448873900
0.0710437819
0.0498152003
0.0226508882
0.0235557519
0.2573490143
0.0088334996
0.0167716146
0.0078131752
0.0533850975
0.0424764752
0.0240655951
0.0459010415
0.0117800739
0.0418220907
0.0426365510
0.1670053303
0.0264488664
0.0283247735
0.0536590777
0.0381550267
0.0741754025
0.0674977377
0.2130956650
0.0248851459
0.1269957423
0.0013551441
0.0164934732
0.0112361237
0.0370890312
0.0673791915
0.0171449576
0.0107824709
0.0680997223
0.2214575410
0.0122603979
0.0071612694
0.0148938075
0.0583929308
0.0165668372
0.0542706475
0.0331772715
0.0657686144
0.0036846199
0.1654066592
0.0059892712
0.0976795852
0.0458929725
0.0533276536
0.0559784137
0.0044084117
0.0437952690
0.0100399535
0.0027702369
0.0001868322
0.0079783425
0.1259562969
0.0314902291
0.2018871903
0.0009095785
0.0363027230
0.0476946384
0.0444960073
0.0090104295
0.0679419562
0.0323648155
0.0051259459
0.0431695282
0.0954379141
0.2354612648
0.2138957530
0.1162415817
0.0116062751
0.0110188639
0.0027900508
0.1362245977
0.0142677100
0.0324719623
0.0322356075
0.0181312002
0.0532923639
0.0116843823
0.1185462549
0.0070533114
0.0120659033
0.1643707156
0.0084967967
0.0014513762
0.0062059578
0.1302966624
0.0237580612
0.0046571735
0.0283717103
0.0132748121
0.0544649884
0.0949027985
0.0366059318
0.0718236417
0.0659632757
0.0324401110
0.2627133131
0.0571691133
0.1141470224
0.0535126440
0.0262438189
0.0249971934
0.0321876444
0.0168154053
0.0191274583
0.0116252061
0.0789633617
0.0439872108
0.0765387192
0.0304339342
0.0053060907
0.2318999022
0.0050296807
0.1030262560
0.0106426263
0.0035592369
0.0048635663
0.0685636774
0.0702162385
0.0140299471
0.0112748621
0.0367942303
0.0565551743
0.0225410480
0.0149002178
0.0106304325
0.0190108977
0.0437573120
0.0115816304
0.0665520355
0.0864702612
0.0312594213
0.0302686766
0.0436574221
0.0033043250
0.0107546560
0.0116408411
0.0084522823
0.0068067322
0.0121044451
0.0580975637
0.0728505179
0.2178632915
0.0303170588
0.1461254954
0.0530965999
0.0005371617
0.0816416591
0.0153060090
0.0109744109
0.0175625458
0.0057589193
0.0420030951
0.0377085246
0.1429377198
0.0344129466
0.3281475902
0.0803058371
0.1297068149
0.0247870646
0.0179978572
0.0036294160
0.0264826044
0.0451972596
0.2623200715
0.1416087300
0.0787310302
0.0449886955
0.0164551660
0.0525091588
0.0228099097
0.0018769313
0.0070972815
0.0066500525
0.0017421360
0.0031445529
0.0182535648
0.0256686620
0.0819813460
0.0767807513
0.0161021110
0.0382116437
0.0043920884
0.0141134476
0.0423130952
0.1096653417
0.0266164895
0.1352033317
0.0091995941
0.0064933435
0.0262683518
0.0736172050
0.0854283869
0.0037894049
0.0137600005
0.0334728509
0.0086944681
0.0506526344
0.0188475009
0.1361729056
0.0071635959
0.2085392475
0.0831598714
0.0693020299
0.0322803035
0.0305612274
0.0645016059
0.0870489478
0.0178435557
0.0250627324
0.0356904976
0.0210981071
0.0017736980
0.2567594945
0.0047284160
0.0496483780
0.0699533075
0.0104804430
0.0050644483
0.0543072671
0.0282793250
0.0830770731
0.0500066727
0.0197101943
0.0189806595
0.0042512547
0.0060424600
0.4059087634
0.0913076997
0.0030814838
0.0371281579
0.0807109252
0.0343574695
0.0229909737
0.0166687127
0.0144654335
0.0373137034
0.0131664732
0.0721704736
0.0014090991
0.0711840466
0.0028393068
0.0685973316
0.0315396488
0.0358691849
0.0077758189
0.0011562686
0.0838236958
0.1506249607
0.0275754668
0.0189169440
0.0137879308
0.0174930450
0.0354224257
0.0250917599
0.0796549767
0.0965202823
0.0134165091
0.0594783947
0.0039400100
0.0473332740
0.0156818479
0.0070342743
0.0690866858
0.0993870050
0.0874538198
0.0358187482
0.1376574337
0.0061000306
0.0032620451
0.1454632580
0.1056092009
0.0276711993
0.0080837943
0.0518339686
0.0274754167
0.0671352446
0.0547672138
0.0113050630
0.0133308787
0.2560230196
0.0009303046
0.0146644814
0.0180682447
0.1445477754
0.0016139185
0.0400381126
0.0854619518
0.1371780336
0.0383676440
0.0067892889
0.0113470852
0.0326592661
0.1259976029
0.0076888041
0.1057743132
0.0258417372
0.0724297240
0.0105615258
0.0561949052
0.0571070500
0.0297441594
0.0418517180
0.3890319765
0.0254565403
0.0088737113
0.0301170107
0.0506694913
0.1780923009
0.0575368963
0.0854194090
0.0012173314
0.0066787023
0.2164925486
0.0037585658
0.1512018889
0.0023985670
0.0163952783
0.0191535354
0.0029066755
0.0002072919
0.1110834405
0.0103085386
0.0698917955
0.0075766458
0.0603928678
0.1405660808
0.0188990049
0.0318783112
0.0222765002
0.0025162080
0.0714625493
0.0199526530
0.0247905962
0.0079788705
0.0069555007
0.0055802958
0.0096911443
0.0114844907
0.0093782041
0.0108400350
0.0079524796
0.2104980797
0.0176546983
0.0126692262
0.0029641194
0.0006851791
0.0026897949
0.0390558876
0.0032838879
0.0222058315
0.1684841216
0.0059329532
0.0433224589
0.0177251287
0.0199061409
0.0286384467
0.0407183208
0.0012841565
0.1110432148
0.0543669872
0.0042589526
0.1930239052
0.0820657536
0.0184543394
0.0416433178
0.0449930690
0.0112299798
0.1080962643
0.0006409877
0.0818339884
0.0271050166
0.0055035660
0.0352141708
0.0033737412
0.0684637651
0.0396922603
0.0024146631
0.0020615316
0.1064920947
0.0018721208
0.0018508328
0.0035710502
0.0021936859
0.0341102667
0.0040992028
0.0134700881
0.0749314427
0.0368704908
0.0054904642
0.0666042045
0.2145206779
0.0955491215
0.0211831164
0.0072697527
0.0075597349
0.0178830419
0.0009377470
0.0323920846
0.0756643191
0.0645841882
0.0598115847
0.0054804599
0.0189636014
0.0712062269
0.0063386159
0.0101214256
0.0633293241
0.0261500012
0.1001609713
0.0172988307
0.0863948017
0.1187623963
0.1493270546
0.0050339350
0.0008966812
0.0790216252
0.0833661333
0.0793074667
0.0010311676
0.0404286347
0.0266803540
0.0546915233
0.0058971588
0.0280134194
0.1287474483
0.0023098830
0.0065035643
0.0065396489
0.1495859176
0.0034471520
0.0021099348
0.1267219633
0.1264491528
0.0282336231
0.0299598891
0.0905609876
0.0163395144
0.1140405834
0.1090755314
0.0038072637
0.0356653556
0.1191804707
0.0308690220
0.1529726982
0.0588428080
0.0120046120
0.0309139434
0.0257130191
0.0845532790
0.0090658050
0.0015924096
0.0349026136
0.0688043162
0.0617067143
0.0583462231
0.0107633648
0.0218873974
0.0561906695
0.0287322570
0.0024756643
0.0229020491
0.0257660709
0.0395115465
0.0040890230
0.0161997322
0.0024817784
0.0216168612
0.0367181152
0.0017805564
0.0539855100
0.0019436955
0.3094517291
0.1619854420
0.1776310652
0.0500488468
0.0196141358
0.0035397408
0.0794955790
0.0944281518
0.0385202058
0.0396045484
0.0731300861
0.0608468540
0.0237414930
0.0043918509
0.1554502994
0.0003786689
0.0290728901
0.0524570942
0.1370039433
0.0049648737
0.0467021838
0.0444035195
0.0406175740
0.0422335528
0.0239598434
0.0826448724
0.0087858085
0.0106703751
0.0477220975
0.0033194607
0.0435319543
0.0423915163
0.0034688325
0.0114234155
0.0030562400
0.0802992731
0.0040967665
0.0752661303
0.0012854291
0.0123298159
0.2032627463
0.1008790880
0.0177396145
0.1678130627
0.1625288576
0.0012172665
0.0382653028
0.0160030276
0.0025877529
0.0675490946
0.0671099871
0.0033560996
0.0053998940
0.0018890891
0.0024688952
0.0642771497
0.0158492420
0.0087453220
0.1995971799
0.2420259863
0.0066543943
0.0687263608
0.0010007924
0.0601011701
0.0146541921
0.0716961399
0.0080870073
0.0115107317
0.0756486878
0.0384000577
0.1514543146
0.0051139281
0.0286448207
0.0012509909
0.0498273224
0.0239269547
0.0861992985
0.0373251066
0.0008566610
0.2284166217
0.0228809100
0.1421473026
0.0009633529
0.0352856889
0.0011715629
0.0485669598
0.0049282922
0.0155676445
0.0582974479
0.0802514106
0.0359386466
0.0384295098
0.0005198070
0.0285270941
0.0043607606
0.0069408994
0.0396889262
0.0147284186
0.0427597612
0.0416298732
0.0195586216
0.0259620287
0.0130522465
0.0305721331
0.0184816793
0.0464075170
0.0423765443
0.0229995344
0.2229318470
0.0716897771
0.0195573140
0.0077895159
0.1216994822
0.0020863195
0.0063581849
0.0531580523
0.0056585288
0.1940600276
0.0070103682
0.0125831123
0.0126605555
0.0213813707
0.0118834917
0.0326353274
0.0258406382
0.0128763607
0.0840856805
0.0298839211
0.0531320088
0.0012009323
0.0075651524
0.0361425951
0.0202476755
0.0184170883
0.0374741703
0.0684609264
0.0270020906
0.1202224120
0.0249534883
0.1576609761
0.0739778429
0.0033422015
0.0218298957
0.0085252048
0.0361911394
0.0292695295
0.0053402558
0.0044789216
0.0123709850
0.0462054312
0.0122841187
0.0031124582
0.0056556752
0.0594392419
0.0411521457
0.0557802431
0.1230086461
0.0002378831
0.0247498974
0.1125889719
0.0628994480
0.0186088085
0.0158435181
0.0010856289
0.0770081133
0.0111680320
0.0231467970
0.0957979783
0.0143110435
0.0858374238
0.0070098038
0.0050980519
0.0179203488
0.0807799101
0.0184703674
0.1208008230
0.0286981966
0.0225508008
0.0108429696
0.0136427758
0.0611582100
0.0777440071
0.0145265786
0.0227769017
0.0697778836
0.0096892314
0.0155906500
0.0844573900
0.0446021408
0.0313922465
0.0235040206
0.0095383292
0.0093648788
0.0151110301
0.0222408120
0.3113280535
0.0536648780
0.0043314612
0.0662305877
0.0811633840
0.0816502348
0.0027738856
0.0044250092
0.0033486504
0.0360754281
0.0294374507
0.0688729659
0.2851288915
0.1195475310
0.0116165960
0.3428024352
0.0473094657
0.0048922864
0.0492474958
0.0016911478
0.0027593435
0.0093021039
0.0420822836
0.0121410154
0.0824229121
0.0058680302
0.0910404250
0.0100191878
0.1806435138
0.0216742568
0.0026609316
0.0815808102
0.0375056192
0.0533520840
0.0106654335
0.0008573919
0.0084145283
0.0092261536
0.1590802819
0.1461693794
0.0026588014
0.0144674592
0.0272990633
0.0176934265
0.0516552031
0.1264885515
0.0121306218
0.0021623466
0.0696798712
0.0912966430
0.0375206992
0.1442402750
0.0996989161
0.0044225776
0.0010347259
0.0043043713
0.0109808715
0.0990826488
0.0012094030
0.0137828616
0.0059290286
0.1478975862
0.0263416823
0.1085803881
0.0714638606
0.0383977666
0.0777943358
0.0044941790
0.0074686985
0.0026196686
0.0287562869
0.0005487182
0.1721237004
0.0730642676
0.0867787749
0.0182131454
0.0360700749
0.0012361730
0.0509973913
0.0267234705
0.0338220336
0.0315104164
0.0351220965
0.0024394591
0.0497387983
0.2694519162
0.0006168507
0.0022675043
0.0589420088
0.0178894252
0.0422397777
0.0256415382
0.0499722250
0.0243062675
0.0345918760
0.1304335743
0.0804668814
0.0483966656
0.0228649583
0.1832042933
0.1299506575
0.0114195496
0.1468380839
0.0107837021
0.0028681457
0.0094609698
0.0002089132
0.0041992180
0.0934211835
0.0039324756
0.0691587180
0.0048012626
0.0024862897
0.2478741854
0.0129399113
0.2045535296
0.0400455184
0.0027841746
0.0092603797
0.1654607952
0.0407451019
0.0074959514
0.0026587585
0.0035974600
0.1778161377
0.0590487644
0.0183070395
0.0026921008
0.0007733610
0.0066618626
0.0149694420
0.0626228079
0.0187669881
0.0114952028
0.0508202612
0.0137019483
0.0610911176
0.1086852923
0.0007553545
0.0014127406
0.0389801972
0.0410796925
0.0194772966
0.0441787206
0.1178011149
0.0690089613
0.0135891475
0.0697148815
0.0159146935
0.2153081298
0.0124082556
0.0078914026
0.0889813304
0.0503072776
0.1278125644
0.0487502106
0.0736343935
0.0109536340
0.0092063863
0.0056165094
0.1966929585
0.1790545583
0.0091288025
0.0672549754
0.0517871156
0.0270280465
0.0079234000
0.0281782579
0.0453734770
0.0008898248
0.0757967085
0.0651020780
0.1905906349
0.0265116654
0.3048890829
0.0199248958
0.0210443437
0.0179473087
0.0232695825
0.0232299510
0.0519083217
0.0026394150
0.2009651363
0.0011359720
0.0016407493
0.0461678542
0.0166996438
0.0236676987
0.0303542744
0.0297225900
0.0087324101
0.0213983078
0.0456034653
0.0421481617
0.0074482886
0.0818074793
0.0370810255
0.0113500711
0.0065298914
0.1022632197
0.0098009743
0.0352093279
0.0023734404
0.1025666595
0.0062764334
0.0029970277
0.1180358827
0.0406529494
0.0329970308
0.2071139514
0.0034869153
0.0331579782
0.0479884408
0.0360715240
0.0376333334
0.1557991505
0.0755702630
0.0817028657
0.0186423305
0.0214417968
0.0112162326
0.0916498974
0.0083065582
0.0129853999
0.1985620558
0.0225787964
0.0021945063
0.0180750713
0.1027197018
0.0036295678
0.0279592387
0.3007985353
0.0072720181
0.0009177004
0.0273531508
0.0024263079
0.0354392044
0.0349209495
0.0230757631
0.0198603198
0.0319586657
0.0305238273
0.0181721374
0.0205499623
0.0126926033
0.0095975427
0.0179667994
0.0106472755
0.0007155740
0.0014899912
0.0236211419
0.0114990510
0.0048659854
0.0336206630
0.1739435643
0.0515948422
0.0019124101
0.0553015955
0.0015589151
0.0021887044
0.1345781088
0.0499949604
0.0675019398
0.0031667587
0.1925448030
0.1193355024
0.0019942457
0.0212384351
0.0005053022
0.1951241493
0.0035037629
0.0067377356
0.0021269498
0.0206271447
0.0020673412
0.0031018828
0.0172377210
0.0025054833
0.0386382677
0.0302661508
0.2975704074
0.0048545050
0.0046126978
0.0876337886
0.0371272117
0.0415949039
0.3682357073
0.0668805987
0.0022782939
0.0552409105
0.0180625170
0.0035193875
0.0280909222
0.0652433932
0.0749170706
0.0104936948
0.0395959504
0.0153270811
0.0208129194
0.0278976914
0.0495241620
0.0346127898
0.1943848878
0.1036511660
0.0778686032
0.0107871117
0.0368888676
0.0556362122
0.0005010694
0.1660229266
0.0363335162
0.0073588835
0.0439882092
0.0006268991
0.0198684447
0.1097014248
0.0017367490
0.0262936205
0.0717926025
0.0426828153
0.0570850149
0.0590940416
0.1598261297
0.0288799461
0.0165097695
0.0003661893
0.0425666906
0.4233022332
0.0111704338
0.0324057788
0.1042246744
0.0664229244
0.0611670241
0.0407805704
0.0307513271
0.0225505587
0.1506493539
0.0162303280
0.0220093690
0.0223051403
0.0273005180
0.0200156439
0.0112504680
0.1061448529
0.0685771555
0.1678458005
0.0329953022
0.0550823994
0.0233292542
0.0013578661
0.0463742428
0.0018465144
0.0226757396
0.0517690256
0.0153097026
0.0349048115
0.0260551069
0.0112029128
0.0312246811
0.1098403782
0.0164904874
0.0032225579
0.0482122935
0.0037585835
0.0177848861
0.0183440186
0.0034640224
0.0106081683
0.0034756830
0.0410854034
0.0062040407
0.0113814799
0.1620630175
0.0648340359
0.1280934066
0.0601889826
0.0337878168
0.5413536429
0.0060029072
0.0084758680
0.0207485948
0.0038524563
0.0290627368
0.0040532486
0.0487197675
0.0457884893
0.0336003490
0.0310293268
0.0022087670
0.0010397794
0.0133536020
0.0868486390
0.0288785286
0.0053721578
0.0064236308
0.0076190573
0.0437664129
0.0212755967
0.0051260339
0.5188367963
0.0090873344
0.0087662134
0.0027670166
0.0904282108
0.2124720663
0.0438563600
0.0034377885
0.0477473475
0.0147894230
0.1499328017
0.0596550964
0.0012643207
0.0285714194
0.0208948124
0.0007332608
0.0508902296
0.0509773828
0.0273423549
0.0693817362
0.0160156898
0.0702091753
0.2312086821
0.1071746498
0.0407900140
0.0048754569
0.0907671452
0.0696390420
0.0027864075
0.0546601005
0.0356093831
0.0081006587
0.0221995469
0.0729777217
0.0910918415
0.0062189465
0.0289423596
0.0061977464
0.0077220998
0.0497890599
0.3604171276
0.0274496395
0.0032973504
0.0402081124
0.2866699100
0.2677047849
0.0009681115
0.1423598379
0.0167236999
0.0111271907
0.0015863006
0.0602829866
0.0269410145
0.0137086501
0.0393619239
0.0743115097
0.0076299030
0.0147142280
0.0178049225
0.0067021772
0.0197385997
0.0278710648
0.0501577109
0.0530912317
0.1940260977
0.0069172289
0.0055339863
0.1071681976
0.1322317719
0.0192826446
0.0169023573
0.0383479819
0.0812608898
0.1263086498
0.0277918112
0.0667731464
0.0498006493
0.0091156820
0.0082999701
0.0026660718
0.0092613250
0.1072642431
0.1512861103
0.0135208610
0.0369740985
0.0561234951
0.0441186540
0.2225954384
0.0035635957
0.0334390402
0.1675817668
0.0547257438
0.0212572739
0.0017981029
0.0012251403
0.0365668721
0.0046207570
0.0299300477
0.0306626987
0.0151656009
0.1341632605
0.0131686162
0.0186554547
0.0044244337
0.2152608335
0.0443272665
0.0024516480
0.0361657478
0.0119645121
0.0494810976
0.0155152176
0.0253715664
0.0468626544
0.0017840755
0.0019930671
0.0726436228
0.0431599207
0.0183972046
0.0242955927
0.0413253494
0.0980848223
0.0034710714
0.0794900283
0.0028208927
0.0104695996
0.0226906016
0.0424064323
0.0147294849
0.0036146955
0.0222751815
0.0112622818
0.1485724151
0.0039504357
0.0098989243
0.0049923589
0.0461133495
0.0101396339
0.0243971534
0.0157632269
0.1228974015
0.0089235539
0.1066382229
0.0059131370
0.0326467529
0.0098736547
0.0541144162
0.0056625227
0.1326164603
0.0076327128
0.1413533688
0.0082459347
0.0878329352
0.0338785648
0.0293852352
0.0415170640
0.1350683272
0.0807880908
0.0130860480
0.0003573455
0.0199777149
0.1058112755
0.0672561452
0.0026265900
0.0033015683
0.0140462220
0.0278937928
0.0106868586
0.0769758075
0.0434083305
0.0081795268
0.0184133314
0.0032248900
0.0006474424
0.0177222248
0.0302441511
0.0517484546
0.0447699726
0.2078048438
0.0266381726
0.0081114778
0.0026723426
0.0065274360
0.0081652263
0.0036730848
0.0134625621
0.0573274903
0.0038030960
0.0343092233
0.0490027815
0.0924503729
0.1570393443
0.0230196118
0.0611040741
0.0181252751
0.0296133924
0.0821932778
0.0778662264
0.0031194850
0.0349173360
0.0170400143
0.0121991765
0.0099163055
0.0379813239
0.0408358350
0.0114200562
0.0463477112
0.0773266703
0.0486479029
0.0139380572
0.0119645027
0.0500253774
0.0316546969
0.0024204566
0.0664734915
0.0419391133
0.0360506363
0.0158616845
0.0054487037
0.0009360813
0.0198662523
0.0008647895
0.2355874628
0.0072477832
0.0568002872
0.1872968823
0.0147764497
0.0983932167
0.0001713727
0.0784001201
0.0802828297
0.0115273232
0.0786162093
0.0819457024
0.0005329202
0.0076603559
0.0215421282
0.0226224978
0.1594384611
0.0020565582
0.0136403125
0.0329985544
0.0037175878
0.0833401456
0.0057739438
0.1450084150
0.0081076343
0.0031068411
0.0286806952
0.0075161774
0.0445412360
0.0027609891
0.0309884064
0.0324969813
0.0063065905
0.0165133942
0.0113445921
0.0544735529
0.0320031047
0.0093257837
0.0943922698
0.1351695657
0.1037660763
0.0329066738
0.0009030190
0.1743504256
0.0269267503
0.0033237706
0.1316308975
0.1431266963
0.0417244546
0.0744058564
0.0032217829
0.1225948408
0.0016513058
0.0161279980
0.0039248476
0.0173977092
0.0118259909
0.1603312939
0.0147340121
0.0126480935
0.1921452880
0.0007410407
0.0215548147
0.0330418162
0.0007565813
0.0006759349
0.0245026834
0.0531951115
0.0049729128
0.0328910239
0.0043553729
0.0093405005
0.0521515682
0.0483280309
0.0684138536
0.0158127807
0.0243349336
0.0268882085
0.0696005747
0.0246250480
0.1192817986
0.0136135351
0.0163820591
0.0630191639
0.1083341837
0.1015349105
0.0176869947
0.0657444149
0.2023843974
0.2312055677
0.0084476313
0.0255266782
0.1111359820
0.1604319960
0.0206346773
0.0024002565
0.0243401527
0.0285246857
0.0042313347
0.0079066111
0.0205655713
0.0506261922
0.0988171250
0.0124160191
0.0115518868
0.0108116642
0.0190245192
0.0020211500
0.0625149161
0.0013495095
0.0076307622
0.0058802934
0.0301095452
0.0156390984
0.0402603596
0.0253467038
0.0052741887
0.0068753166
0.1307242662
0.0170870237
0.1330797970
0.0422776975
0.2511616647
0.0571559034
0.0496243723
0.0313975438
0.0095248688
0.0408749320
0.0241881385
0.0456964895
0.0190302674
0.1693107635
0.0594977736
0.0290276110
0.0131387813
0.1423539370
0.0260381289
0.0326808728
0.0401322655
0.0326548927
0.0526778400
0.0229605008
0.0253467746
0.0004043277
0.0616280288
0.0007836266
0.0113995755
0.0738697127
0.0397363305
0.0331462249
0.1929082274
0.0372511260
0.0127933845
0.0041687177
0.0031260906
0.2096028179
0.0067973644
0.0550277382
0.0017106509
0.0040241559
0.0566840731
0.0344178304
0.1415261477
0.0160701722
0.0238058176
0.0461745635
0.0349978656
0.0429095589
0.1816880405
0.0393246301
0.0064910920
0.0133469822
0.0044180113
0.0193482190
0.0104729896
0.0262600668
0.0350508541
0.0130360769
0.0328864045
0.0373460054
0.0197301134
0.0185881387
0.4064525068
0.0079793232
0.0273190681
0.0162361450
0.0393607803
0.3457792103
0.0136027047
0.0177560057
0.0063775731
0.0015643918
0.0368297361
0.0401525386
0.0081397481
0.0038773059
0.0063306913
0.0084084915
0.0560442060
0.0210484825
0.0127646066
0.0184288509
0.0146133890
0.0347158052
0.0262371469
0.1281665266
0.0078825597
0.0449133106
0.0036371669
0.0087414123
0.0046727788
0.0865143463
0.0519776084
0.0064181606
0.0829368830
0.0007467502
0.0039231591
0.0010130550
0.0541844703
0.0242965277
0.1143662855
0.1507100612
0.0839893296
0.0005010312
0.0377482474
0.0250597838
0.0046561263
0.0446803495
0.0890006945
0.0484932512
0.1520158648
0.0187383760
0.0023166731
0.0284420922
0.1643718928
0.0103954338
0.0597987436
0.0084742820
0.0113019506
0.1084736586
0.0641305894
0.0023549462
0.1241470873
0.0221626572
0.0718894526
0.0412881412
0.0232941378
0.0076864623
0.0048780576
0.1359201074
0.0039615887
0.0735554472
0.0610132851
0.0319895782
0.0223597158
0.0210477337
0.0557100624
0.0785752162
0.0337298326
0.0001269295
0.0035216729
0.0232708249
0.0013459976
0.1581777483
0.0098361429
0.0149760116
0.0143990479
0.0604168214
0.1847338676
0.0066148350
0.0350819677
0.0216820445
0.0950400904
0.0330375321
0.0273175798
0.2715190649
0.0191005841
0.0488114282
0.0829995945
0.0735834166
0.0008614989
0.0711730644
0.0303543378
0.0424391292
0.0612840094
0.0260602012
0.0518281572
0.1173243597
0.0210424289
0.0211119689
0.0451725461
0.0019884838
0.0203182772
0.0988115594
0.0252960157
0.0223235749
0.0872214139
0.0086347526
0.0032501656
0.0894819275
0.0973358378
0.0418078192
0.0775219575
0.2606375217
0.0162109397
0.0081746308
0.0208830703
0.0113624157
0.0006931201
0.0481428877
0.0011006618
0.0350494012
0.1164575368
0.0132481921
0.0148612550
0.0045631304
0.0325479954
0.1347869486
0.0018222185
0.0055796341
0.0241285358
0.1559795886
0.0452006161
0.0456105024
0.0089805387
0.0031643482
0.0029941509
0.0244836807
0.0047286809
0.0017577977
0.0729117617
0.0685845986
0.0126922224
0.0323325321
0.2015498281
0.0023985603
0.0207141917
0.0336233564
0.0035816876
0.0020639168
0.0230389964
0.0276433546
0.0291189700
0.0579296537
0.0446916074
0.0098972227
0.0006237916
0.0074200830
0.0146483677
0.0656926855
0.0091770813
0.0451790951
0.0148498239
0.0345080532
0.0067466507
0.0118505005
0.0336405598
0.0045883721
0.0696853101
0.0757928491
0.0177890547
0.0131957233
0.0047758296
0.0101594096
0.0036820513
0.0030349570
0.0185472369
0.0062513170
0.0200865790
0.2932281792
0.0130674765
0.0433756784
0.0071347249
0.0072827935
0.0018355156
0.0559806898
0.0335401483
0.0381983258
0.0028594718
0.0558146983
0.0254461039
0.0072693746
0.0067346981
0.0607413724
0.0212658085
0.1840738058
0.0483117737
0.0584982261
0.0667670742
0.2428469062
0.0264391322
0.0535754003
0.0084532257
0.0929509103
0.0014459807
0.0057640541
0.0928367749
0.0016305783
0.0528955571
0.0110245710
0.0800110102
0.0977801383
0.0662136897
0.0051602940
0.0012238608
0.0059784995
0.0192079432
0.0020853369
0.1312512755
0.0316818058
0.0467357412
0.0055768946
0.0018522764
0.0195006393
0.0129184052
0.0014932937
0.0125469174
0.2807200253
0.1003421918
0.0297030844
0.0050585316
0.0425102562
0.0201639421
0.0291626416
0.0260844659
0.0228586718
0.0072774729
0.0528580025
0.0229157861
0.0554050878
0.0035989266
0.4475015104
0.0022149719
0.0052142455
0.0179867353
0.0050107786
0.0031412037
0.4094247818
0.0158782154
0.0727786571
0.1258273721
0.0316197537
0.0025880481
0.0141142840
0.0095005808
0.0382866859
0.0006806124
0.0412107185
0.0621770099
0.0590686351
0.0020942409
0.0437313057
0.0096306326
0.0231613666
0.0000792009
0.0253014509
0.0004153243
0.0005861318
0.0244787838
0.0536884330
0.0461823940
0.0145345684
0.0470596291
0.0326427184
0.0193264280
0.0356600098
0.0345408097
0.0266193934
0.0017719377
0.0269249193
0.0078317160
0.0539432950
0.0066339066
0.3064742684
0.2125797123
0.0355717130
0.0083130496
0.4329401255
0.0216724370
0.1887124330
0.0029300079
0.0138617707
0.0470239334
0.0097332550
0.1022437885
0.0210587326
0.0502582118
0.0175568853
0.0143911466
0.1281238943
0.0157168042
0.0139114484
0.0071703545
0.0179669838
0.0463770442
0.0258154813
0.0101774465
0.2123842388
0.1504968703
0.0138178682
0.0219766218
0.0440301858
0.0019322186
0.0028367159
0.0374121591
0.0459030569
0.0064244955
0.0107982596
0.2395609468
0.0219535325
0.1054343656
0.0211785287
0.1296933889
0.0720756501
0.0271511339
0.0426340438
0.0128633482
0.0370397940
0.0092517659
0.0719126761
0.1142327860
0.0390725248
0.0130411191
0.0559633076
0.0004570372
0.0294439513
0.1758571416
0.0265088193
0.0004914379
0.0374739468
0.0004799138
0.3158019185
0.0047757616
0.0921026394
0.0021663855
0.0027944166
0.0484760851
0.0378443822
0.0257196259
0.1946065277
0.1180810481
0.1733219475
0.0067774924
0.0222933311
0.0396741703
0.0818355531
0.0435872078
0.0414188094
0.0168160982
0.0107459025
0.0415585190
0.1544957459
0.0018898732
0.0511628278
0.0019462354
0.0063623674
0.4775158167
0.0026842616
0.0383681469
0.0659067482
0.0232846308
0.0250486936
0.0246475227
0.0437561162
0.0166602749
0.0454235300
0.0039896891
0.0606366768
0.0028352705
0.0308199991
0.0288318601
0.0288005918
0.0854002982
0.0420332216
0.0081773214
0.0284791347
0.0429384820
0.0089276619
0.0735273063
0.0433178842
0.0349568352
0.0579804704
0.0139306271
0.1603688896
0.0097326199
0.0125484057
0.0066610929
0.0348004512
0.0020176289
0.0001142315
0.0881832913
0.0637178496
0.0134638920
0.0699261799
0.0562428422
0.0555677153
0.1131783128
0.0096405149
0.1635606885
0.0154935438
0.0106302518
0.0027661535
0.0082104309
0.0372249447
0.0030406525
0.0293469727
0.0483386479
0.1127223298
0.0614840202
0.1835967153
0.0326752588
0.0058368417
0.0291941222
0.0132073890
0.0505944714
0.0526491478
0.0176107734
0.0143437441
0.0081477743
0.0177839715
0.0247845054
0.0598918237
0.0031628022
0.0352511443
0.0381552018
0.0359623469
0.0524272807
0.0616849847
0.0299519133
0.0363426320
0.0023003269
0.0211067442
0.0111611355
0.1784816533
0.0411909781
0.0269672778
0.0590090603
0.0019953754
0.0152318338
0.0003498091
0.1234423965
0.0158134922
0.0065320139
0.0333425030
0.1652781069
0.0065796282
0.0394122973
0.0058070286
0.0307939313
0.0229170155
0.0009414729
0.0200989451
0.0106345043
0.0006697177
0.0151939997
0.0250561666
0.0278504621
0.0270522069
0.0071594319
0.1881293356
0.2514864206
0.0459358543
0.0388563313
0.0084336316
0.0075509385
0.1490638703
0.0209331848
0.0830715671
0.1783568710
0.0273441486
0.0495394804
0.0241888706
0.0107926382
0.0331356823
0.0142541686
0.0188167188
0.1870568842
0.0970402882
0.1279145032
0.0418538153
0.0270001981
0.0837355927
0.0336659066
0.0116485357
0.0252895411
0.0017892529
0.0013009158
0.0046702558
0.1081441194
0.0111659672
0.0079181688
0.0107828584
0.0633106679
0.0345391259
0.0118786097
0.0365275592
0.0210446492
0.0121964188
0.0757856220
0.3035401702
0.0243883766
0.1172771603
0.0505233072
0.0178351346
0.5671565533
0.0170338489
0.0043451618
0.0355882570
0.2306462079
0.0017884884
0.0493548363
0.0008508671
0.0207334496
0.0112815406
0.0014848496
0.0188118331
0.0270611160
0.1786099970
0.0701734796
0.0056577241
0.0525692590
0.0009117312
0.0176589005
0.1775182039
0.0621555038
0.0931461975
0.1258262992
0.1087834910
0.1240707189
0.0059317607
0.0142854247
0.0032291505
0.0100075882
0.1195285022
0.1309826672
0.0064979526
0.0255076587
0.0237818826
0.0751926824
0.0202741139
0.0666112825
0.0127786398
0.1645335853
0.0230077635
0.0244162343
0.0075968443
0.0367607288
0.0329804942
0.0204668008
0.2497907281
0.0128339073
0.1655267477
0.0238672514
0.0965124667
0.0180706382
0.0011286772
0.0422570743
0.0146127176
0.1049256846
0.0013901376
0.0028346370
0.0088982116
0.0031753834
0.0716905296
0.0726478547
0.0747269988
0.0036663935
0.0888765901
0.0119996825
0.0334474295
0.0348416939
0.0584255196
0.0047761560
0.0237485636
0.0559151247
0.0966992304
0.0917656124
0.0057566371
0.0031562666
0.0126718972
0.0145301977
0.3250735998
0.1279328614
0.0989435613
0.0095786145
0.0076158424
0.0005910945
0.0152148046
0.0012532425
0.0140746459
0.0101140430
0.0231726393
0.0278506838
0.0366040170
0.0159477219
0.0598089211
0.0303684417
0.0438662134
0.0211217850
0.0001625109
0.0055824448
0.0014676277
0.0385129824
0.0174603574
0.0211460218
0.0098553132
0.0227584504
0.0854038894
0.0577218235
0.0183321219
0.0453381091
0.1125652567
0.0081419265
0.0332631059
0.0185028221
0.0211484302
0.0054904744
0.0190705191
0.0421829894
0.0038414272
0.0052574743
0.0197875593
0.0481482968
0.0094594769
0.0000530476
0.0651717484
0.0002441339
0.0053360681
0.0988622084
0.0005722771
0.1988139898
0.0109834606
0.0241247993
0.0069828243
0.0027681985
0.0119937705
0.0028352058
0.1288342923
0.0109768119
0.0208347663
0.0025468902
0.0910397470
0.0025718855
0.2690457106
0.0533437617
0.0491296798
0.0289945006
0.2713295817
0.0088104252
0.2038105428
0.0112487925
0.0445443429
0.0005748465
0.0261745360
0.0394446440
0.0066912086
0.0336891711
0.1838953495
0.0052782483
0.0318648778
0.0027109266
0.0121860933
0.0122699169
0.1085110828
0.0030560191
0.0001213140
0.2317446172
0.6656852365
0.0177994706
0.0379104912
0.1312685907
0.1132044494
0.0027007021
0.0009042046
0.3055961132
0.0049916632
0.0939691067
0.0134867495
0.0032320714
0.0618619286
0.0365391299
0.1185937002
0.0252634827
0.0584467575
0.0300565362
0.0435371846
0.0272954926
0.0583775342
0.0162890870
0.0047681257
0.0952048674
0.0794220045
0.0071405848
0.0396964401
0.0668693557
0.0473465472
0.1687777191
0.0137103144
0.0060950890
0.0145707568
0.1915237457
0.0315489992
0.0491336621
0.0560373403
0.0043282704
0.0343998000
0.0012664081
0.2275643945
0.0067910636
0.0029634431
0.0110172955
0.1025585458
0.0018775443
0.0098408796
0.0110135963
0.0061454414
0.0169951208
0.0277037807
0.0017359637
0.0043473532
0.0155619588
0.0152361682
0.0212899595
0.0063084736
0.0433984399
0.0013746552
0.0160042588
0.0373230763
0.0142000010
0.0258376431
0.0979586169
0.0119703105
0.0084378198
0.0125671141
0.0136565268
0.0003810136
0.3963024318
0.0209690016
0.1302503347
0.0455798022
0.3137289584
0.0081969919
0.0079434114
0.1781885177
0.0142556429
0.0005971877
0.0599539839
0.0017788672
0.0170476828
0.0107270014
0.0697518885
0.0052177343
0.0188953876
0.0032432678
0.0155416783
0.0296740830
0.1545597762
0.0316709690
0.0620211661
0.0053766081
0.0066782399
0.0774066523
0.0190060083
0.0479874015
0.0669074059
0.1131577939
0.0063688043
0.0339051001
0.0054736128
0.0163387023
0.0029151705
0.2299678177
0.0133941472
0.0349438749
0.0037680548
0.0138526997
0.0020851963
0.0999122262
0.0219051335
0.0128053743
0.0339433029
0.0239472520
0.1940717846
0.0367465913
0.0180766806
0.0068877330
0.0227121525
0.1307222545
0.0308467094
0.0555742048
0.2011887729
0.0384232700
0.0180854425
0.0265316013
0.0362736322
0.2762489021
0.0049903844
0.0021879443
0.0126944808
0.0092546595
0.1133531705
0.0835700929
0.0038168104
0.0000046130
0.0800247937
0.0406978056
0.0360700637
0.0025979707
0.0267584454
0.0201797094
0.0160662681
0.0424350053
0.0178839136
0.0056351661
0.0433964618
0.0763066933
0.0020885745
0.0182812270
0.0651256740
0.0193100236
0.1397667825
0.0297955349
0.0794091299
0.0144456262
0.0426966771
0.0195244867
0.1286192089
0.0165000018
0.0685690790
0.0940722525
0.1550194472
0.0076624509
0.0279940162
0.0106132440
0.0007567948
0.0454861969
0.0194320604
0.0980572850
0.0363852270
0.3184844255
0.0852297768
0.1521281600
0.0189512055
0.6100707054
0.0119802393
0.0304803867
0.0643609837
0.0046125660
0.0714868531
0.0102771986
0.2640343010
0.0308001619
0.0316556394
0.0031811721
0.2840018272
0.0127389263
0.0295147616
0.0052681738
0.0443364643
0.0198761243
0.0029913681
0.0562295057
0.0187163465
0.0504423939
0.0108338082
0.0341099240
0.0030418264
0.0593108796
0.0567810275
0.1582265496
0.0274743494
0.0354773290
0.0781364813
0.0558843575
0.0108804805
0.0100538973
0.0285101831
0.0234765429
0.0156675298
0.1339937896
0.0105665391
0.0293579660
0.0127551043
0.0035697236
0.0140168937
0.3389936984
0.0407523364
0.0744211227
0.0044664671
0.0050979988
0.0639187545
0.0063423165
0.0948734954
0.0068145758
0.0587323345
0.0395505764
0.0055886637
0.0145583553
0.0803168043
0.0094462158
0.3047832847
0.0083962632
0.0135771101
0.0115370648
0.0102334749
0.0154060526
0.0005234785
0.1247979254
0.0314365588
0.0326746330
0.0489471033
0.0001790263
0.0390798859
0.0211759489
0.0052377409
0.0197546501
0.0845902190
0.0343752950
0.0029419090
0.0007486862
0.0835655332
0.0007669898
0.1307487041
0.0883615986
0.0349049494
0.0092664026
0.0000705236
0.0463700779
0.0176508948
0.0397770628
0.0073526236
0.0530094244
0.1770824939
0.0647277385
0.0332900360
0.0487028323
0.0348553061
0.0223646648
0.3034737110
0.0073439493
0.0096596824
0.0424975343
0.0069141043
0.0302657038
0.0312049147
0.0215963386
0.4367626309
0.0553391874
0.0250471402
0.1623170823
0.0081601450
0.0030701491
0.1119675636
0.0183508750
0.0010326460
0.0300003029
0.0004353736
0.0118112890
0.0229841638
0.0089984825
0.0856152549
0.0015646018
0.0249968059
0.1420609802
0.0400486141
0.0993180275
0.0942343771
0.1276330650
0.0352355316
0.0046031182
0.0824457407
0.1484940946
0.0273178723
0.0056281695
0.0006304240
0.0394485816
0.0882812664
0.1309667826
0.0051557231
0.1053140908
0.0239255000
0.0795834959
0.0266267247
0.0022703216
0.0112274820
0.0010331135
0.0165675841
0.0325506888
0.0644500330
0.0108730728
0.0687755272
0.0168493371
0.0180112552
0.0371662937
0.0129866088
0.0115380865
0.1615512967
0.1128643826
0.0067915395
0.0707488284
0.1493669599
0.0521926545
0.0555092394
0.1154775918
0.0067447466
0.0018020269
0.0105976332
0.0534712821
0.0224762652
0.0066658524
0.0112624830
0.0020805378
0.0091462880
0.0450299643
0.0888121277
0.0874748230
0.0571186021
0.0492747016
0.0033786637
0.0086882077
0.1718596816
0.2748138011
0.0013746161
0.2356063575
0.0387241505
0.0171825048
0.0409914702
0.0362654328
0.0101666916
0.0643599480
0.0068910341
0.0759139210
0.0657551438
0.1281146854
0.0061604464
0.0331996903
0.0308693796
0.0391207598
0.0544827394
0.0103195393
0.0197519269
0.0024452424
0.1529000252
0.0428997055
0.2342292070
0.1197466031
0.0699404925
0.0119636683
0.0218382664
0.0287004504
0.3112923801
0.0227005761
0.0034350159
0.1704531014
0.0056942329
0.0208969787
0.0290940125
0.0251826886
0.0145832784
0.0038413538
0.2233268172
0.0901112780
0.0007036545
0.0247277394
0.0630590543
0.0184455831
0.0315032266
0.0148103787
0.0335627608
0.0438143499
0.0622903742
0.0419679321
0.0077498434
0.0574180186
0.0448235758
0.0117476676
0.0195764489
0.0469844490
0.0102527048
0.0292873457
0.0042643552
0.0142742032
0.0288293716
0.0729294121
0.2319775522
0.0322697945
0.0200320091
0.0525365211
0.0112009915
0.2451542020
0.0288367532
0.0347838588
0.0266599543
0.0423053913
0.0012467859
0.0373955779
0.0561139658
0.0415377356
0.0607459322
0.0309058018
0.0446047373
0.0407691039
0.0116244163
0.0663585961
0.0017596043
0.0267937724
0.0276083332
0.0083889058
0.0158682056
0.0066130366
0.0327992626
0.1388517171
0.1051772982
0.0493357591
0.0448619388
0.0120292846
0.0169721767
0.0020149846
0.0012795025
0.1639892906
0.0252236649
0.0581806190
0.0017363143
0.1361338198
0.0917347893
0.0004683725
0.0900845081
0.1723795682
0.1592695713
0.3174168766
0.0047770310
0.0142733576
0.0074802306
0.0695847496
0.2537815571
0.0123218987
0.1423640251
0.1075846478
0.2917346358
0.0302473065
0.0301633533
0.0361569300
0.0084163994
0.0128822289
0.0900007486
0.0990345627
0.0013011749
0.0051305490
0.0043007149
0.0595800504
0.0018121852
0.0473979525
0.0048724175
0.0054884497
0.0070990562
0.0146105736
0.0410935879
0.0198276453
0.0387118235
0.2048919201
0.0344032608
0.0573832542
0.2373248041
0.0115285292
0.0006850185
0.1106384918
0.0460407846
0.0816523954
0.2513881028
0.2038821280
0.0031509839
0.1387691647
0.0151211396
0.0763966963
0.0038153674
0.0481890365
0.0652724802
0.0465342104
0.0286433529
0.0070569124
0.1910009533
0.0291577876
0.0310799535
0.0551051535
0.1209063977
0.0496832021
0.0385509916
0.0234930217
0.0313501507
0.0921132043
0.0047421106
0.0064122705
0.0043215761
0.0183957145
0.0196308214
0.0006898528
0.2000288367
0.1526047438
0.0383212157
0.0172450561
0.0151042892
0.1127967760
0.0022341795
0.0106379064
0.1875011623
0.0352546982
0.1471367478
0.0273500271
0.0143652121
0.0126429135
0.0415273607
0.0546193235
0.0025249047
0.0486455895
0.0054234597
0.0036764545
0.0020087289
0.0023968585
0.0207953826
0.0800168961
0.0028420920
0.0230170265
0.0385327004
0.1067621484
0.0275451932
0.0248690378
0.0184655357
0.0248655975
0.0587920323
0.0006969088
0.0492956601
0.1098242030
0.0079393908
0.0729927495
0.0274825096
0.3279018402
0.0299057104
0.3279260099
0.0062700659
0.0293796416
0.0221584514
0.0573376678
0.1264963448
0.0284179728
0.0288741291
0.0216341838
0.0064634499
0.1750791669
0.0969297662
0.0271119680
0.1572604030
0.0297801811
0.0019462170
0.0386308134
0.0031844040
0.1479576528
0.0051183407
0.0177586004
0.0429721698
0.0031932585
0.0941621810
0.0157791693
0.0401645191
0.0033572356
0.0085440231
0.0058410875
0.0185630769
0.0023701368
0.0149268387
0.0555677265
0.0276145376
0.0351810679
0.0509193800
0.0390429236
0.0044305124
0.0093985759
0.0004938864
0.0040328838
0.0492878295
0.0085570477
0.0010429195
0.0158131216
0.0122139649
0.0188598502
0.0003223673
0.0013305321
0.0034115675
0.0359781645
0.0047828420
0.0259631444
0.0009792164
0.0000474347
0.0000003297
0.0008521346
0.0005791614
0.0045373072
0.0016926297
0.0005552642
0.0006444947
0.0067862025
0.0096359355
0.0217751637
0.0133520691
0.0020208883
0.0151654156
0.0060141678
0.0083387271
0.0105319973
0.0016185674
0.0016065852
0.0115591083
0.0072153024
0.0100328950
0.0006308826
0.0004193360
0.0279803257
0.0060879407
0.0087549174
0.0100605423
0.0081477351
0.0008384734
0.0007941350
0.0146211497
0.0013193155
0.0281133074
0.0382879414
0.0507888272
0.0196652003
0.0010369710
0.0030267902
0.1266495585
0.0063490327
0.0019178842
0.0029844982
0.0084596062
0.0339933150
0.0147452718
0.0102475956
0.0096656876
0.0048317709
0.0449275710
0.0961990356
0.0033064268
0.0053226571
0.0161035322
0.0021254525
0.0468810275
0.0019014758
0.0066806320
0.0352525860
0.0013462270
0.0016129246
0.0059621423
0.0405211560
0.0071637649
0.0455320328
0.0359297022
0.0060967933
0.0318571664
0.0428481176
0.0687195435
0.0333227776
0.0243078601
0.0414005369
0.0024957352
0.0055274246
0.0667395368
0.0631255209
0.0541403890
0.0197353326
0.0139943464
0.0070832432
0.1274851710
0.0473928154
0.0259982888
0.0250028893
0.1474342644
0.0689389408
0.0483388454
0.0014630870
0.0007960959
0.0755221248
0.0313638151
0.0575832240
0.0239287745
0.0181800257
0.0619922578
0.0219440628
0.0021548078
0.0438279994
0.1404022723
0.0692989007
0.0376792178
0.1157892868
0.0364633650
0.0078330506
0.0018164807
0.0018347923
0.1050701365
0.0179912169
0.0435966849
0.0261569750
0.0044820779
0.0721422955
0.0002683193
0.0818646997
0.0755844489
0.1307649910
0.0086123962
0.0739763901
0.0323200822
0.0092036370
0.0029044873
0.0014390423
0.1566253752
0.0000434335
0.0336209051
0.0017916952
0.0043506115
0.0016609653
0.0486657768
0.0081624221
0.0082224607
0.0656728446
0.0370707363
0.0017220564
0.0046908078
0.0259847492
0.0011857135
0.0497375689
0.0120976046
0.0092069171
0.0035145548
0.0378905721
0.0202213004
0.0229104571
0.0706437826
0.0851358548
0.0163629837
0.0791292563
0.0242829379
0.0251723882
0.1330626458
0.2777362764
0.0013748556
0.1057154313
0.0002613458
0.1856953949
0.0620138906
0.1004364938
0.2076634020
0.0555086769
0.0144872721
0.0088620689
0.0041332534
0.0461114645
0.0024159958
0.0979549289
0.0009537962
0.0004617139
0.0013140736
0.0110013252
0.1396860480
0.0147047192
0.0670934469
0.0010310478
0.0171655230
0.1145080924
0.0557005778
0.0112913623
0.0424962044
0.0040965918
0.0387242734
0.0457392298
0.0097972825
0.0339475684
0.0014688973
0.0090270499
0.1417089254
0.0058305524
0.0580360331
0.0029352475
0.0203775708
0.0167198759
0.0124339098
0.0360570922
0.0113535710
0.2297790498
0.0643942878
0.0379376933
0.0620860346
0.1644518822
0.1378271580
0.0001746237
0.0159893669
0.0026154360
0.0375334658
0.0302352887
0.0040949970
0.0052034035
0.0199974962
0.0618234836
0.0527223684
0.0030218498
0.0167220850
0.1853375286
0.0691140816
0.0614875071
0.0033807389
0.1747766882
0.0149520990
0.0293224007
0.0059572556
0.0113304928
0.0152096339
0.0766492188
0.1173997298
0.0022142618
0.0045357482
0.0078454744
0.0809951872
0.0185643528
0.0412107371
0.0660432875
0.0619751848
0.0247227941
0.0100303665
0.0358959250
0.0205301028
0.0200513862
0.0432560332
0.0286181904
0.0033175272
0.0072551905
0.0642898008
0.0234697051
0.0731203258
0.0753213689
0.0521202125
0.0030297874
0.0216572862
0.0006476362
0.0757559761
0.0146531314
0.0614654794
0.0095866984
0.1470670253
0.0434997566
0.1491443366
0.0302735083
0.0035634842
0.0033560996
0.0018339595
0.0853200331
0.0792308897
0.0187012181
0.0404717587
0.0167594142
0.0280130561
0.0232639275
0.1876448840
0.0126985814
0.0069502331
0.0120027466
0.0283986237
0.0066627208
0.0041216463
0.0046744249
0.0255218353
0.0376394801
0.0023338033
0.0236546416
0.1137258261
0.0224465616
0.0213990789
0.0019660941
0.2465338111
0.0641358048
0.0426158160
0.0125326402
0.0153872743
0.0003831050
0.0032979550
0.0462807566
0.1480140835
0.0248313658
0.0192004088
0.0108553022
0.0174163859
0.0045408104
0.0119859977
0.0070874770
0.1170417145
0.0032630342
0.0016474553
0.0343063921
0.0109459395
0.0117035285
0.0042904606
0.0056731482
0.1864823550
0.0367431454
0.0689111874
0.0017792941
0.0099431574
0.3111436665
0.0279972665
0.0021426599
0.0566441081
0.0133623881
0.1243104711
0.0006147408
0.2353078425
0.4023101032
0.0495570935
0.0003810393
0.0721259713
0.0885172188
0.0053941347
0.0145115685
0.3201814890
0.0090792915
0.0024540816
0.0543347113
0.1093492880
0.0072303875
0.0069403797
0.0290967729
0.0330923907
0.0474972390
0.0288768169
0.0225414988
0.0028590912
0.3082472980
0.0007396000
0.0030486537
0.1010654718
0.0032467905
0.0138862347
0.0020399340
0.0287515242
0.0345515609
0.0016119805
0.0267203953
0.0562221222
0.0086742798
0.0019147760
0.1062270477
0.0026978243
0.2089750916
0.0035879319
0.0155644128
0.0110190408
0.1445220113
0.0049972651
0.0134845171
0.0043143723
0.0743439794
0.0053155473
0.0148690753
0.0127357710
0.0249111932
0.0084306663
0.0076811174
0.0388515033
0.0310988687
0.0019735582
0.0165354796
0.0338001549
0.0328475200
0.0968612954
0.0965254530
0.0170177612
0.0970969945
0.3610972762
0.0165298358
0.0275432263
0.0911649913
0.0197651163
0.0733349547
0.0530836545
0.0774863735
0.0039788992
0.0061715152
0.0132413004
0.0125430776
0.0542280525
0.0025143321
0.0506497249
0.0005237840
0.0126138022
0.0219457932
0.0021426966
0.0067518298
0.0115056001
0.0175010301
0.0021203556
0.0023057701
0.0016856340
0.0021612626
0.0092005590
0.0126547031
0.0508871078
0.1297921091
0.0039881845
0.0779195428
0.0082585942
0.2030973136
0.0595877953
0.2106479257
0.0128967650
0.0017398736
0.0699940547
0.0882144868
0.0203428082
0.0640824139
0.1163569763
0.0107508507
0.0347651578
0.1392854750
0.0158710964
0.0115611898
0.0308734868
0.0196956787
0.0001527748
0.0791375935
0.0142195579
0.0072355652
0.0048372950
0.0792907029
0.0725640357
0.0301411878
0.0301976725
0.0452297963
0.0939633921
0.0965988636
0.0298476629
0.1826776415
0.0016888258
0.0021875571
0.0206761342
0.0220560059
0.0050825393
0.0704621375
0.0838209465
0.0048347069
0.3018852472
0.0069937250
0.0368014574
0.0246409699
0.0164242797
0.0766986981
0.0100081647
0.4094741046
0.0292562544
0.0972134173
0.0284742229
0.0037020186
0.0196747910
0.0177493207
0.0059622498
0.2434870452
0.0381066799
0.0027794682
0.0061704977
0.0825046971
0.0521618910
0.2321234941
0.0153935449
0.0249054488
0.0013295264
0.1192177087
0.0171686765
0.0866450816
0.0203807317
0.0249003731
0.0162861980
0.0875814185
0.0019307038
0.0173620265
0.0071915202
0.0559135862
0.1997883916
0.0299692713
0.0006852974
0.0013732996
0.0105956346
0.0215361062
0.0036206567
0.0953623950
0.0401004441
0.0232222211
0.0212929901
0.0386239178
0.0220073797
0.0647245049
0.0027097072
0.0260089338
0.3731234968
0.0683535784
0.0892279223
0.0009041581
0.1657592058
0.0354458690
0.0348282643
0.0349742696
0.0736739263
0.1085067913
0.0446890406
0.0206067879
0.0061027203
0.1006470770
0.0683856383
0.0722644180
0.0063354746
0.0118550360
0.1453311443
0.0060829278
0.0044177300
0.0234740768
0.0089295870
0.0287860911
0.0220410153
0.0490784682
0.0348185673
0.0204533450
0.0396854691
0.0043415492
0.0101100914
0.0168221872
0.0406934209
0.0013404492
0.0422863476
0.0442321189
0.0237205308
0.0187480301
0.0310551301
0.0016935564
0.0022160807
0.0416098274
0.0029851908
0.0034300995
0.0076749697
0.0293611065
0.0042141150
0.0290127229
0.1346035749
0.0976352543
0.0769241080
0.0098480377
0.0102217151
0.0031004795
0.0165267661
0.0059429845
0.0130790668
0.0282803252
0.0309424568
0.0058976794
0.0818798989
0.0862964243
0.0255422872
0.0276514478
0.1465777755
0.0053663417
0.0061513158
0.0629572570
0.0415394790
0.3123727441
0.0037170509
0.1357831359
0.0361153521
0.0726625174
0.0262158737
0.0134597123
0.0603245199
0.0604324304
0.0757832304
0.3378452361
0.0023701885
0.0033954873
0.0190676544
0.0313145854
0.0405544080
0.0473734327
0.0369224250
0.0387908220
0.0282776542
0.0225259569
0.0241926778
0.0663321018
0.0301923305
0.0312756561
0.0087834587
0.0223637596
0.0005556995
0.0408488959
0.0578887053
0.0070231128
0.0019084857
0.0009059362
0.0013775516
0.0716948360
0.0010084482
0.0133324843
0.1147122532
0.0476834290
0.0288899112
0.0197558235
0.0530232750
0.0352428183
0.0546063893
0.0109910052
0.0025261226
0.0116267279
0.0309541896
0.1535810381
0.0720187575
0.0226979107
0.0299360435
0.0380660184
0.0006223409
0.0144325560
0.0007864326
0.0229671020
0.0993519425
0.1103887707
0.0224088710
0.0011785373
0.0030826558
0.0032877610
0.0235946961
0.0529222637
0.0123084066
0.1207851246
0.0024923899
0.0635760948
0.0033409407
0.1752570421
0.0068326080
0.0220474005
0.0084879640
0.0004111404
0.0294358041
0.0005000245
0.0335681885
0.0090090763
0.0842339396
0.0061111129
0.0764987916
0.0323542729
0.0390292853
0.0082504824
0.0013578533
0.0019441009
0.0702742785
0.1467214674
0.0160707459
0.0107528698
0.0143495146
0.0061708721
0.0070689176
0.0149611905
0.0242341347
0.0249824226
0.0007146540
0.0265620016
0.0314203426
0.2265238166
0.0004390621
0.0037784118
0.0033865080
0.0591581464
0.0375303142
0.0134775285
0.0611534677
0.1204534024
0.0056807981
0.0422353595
0.0197233371
0.0277212504
0.0038108281
0.0366302542
0.0025729304
0.0231023841
0.1305926889
0.0717513412
0.0069635743
0.0396656394
0.0534057878
0.0039572939
0.0055635134
0.0608116202
0.0068107890
0.0184722096
0.0531748533
0.0168276597
0.0547656678
0.0120228594
0.0120623112
0.0199947786
0.0096618906
0.2309625000
0.0040503773
0.0210054889
0.0270934068
0.0167637840
0.0102138640
0.0028408843
0.0227510817
0.0241392944
0.1822134405
0.0325001739
0.0269901101
0.0272784363
0.0698342547
0.0313902423
0.0004875438
0.0138597246
0.0199065413
0.0400409438
0.2168712169
0.1563198566
0.0659393966
0.0111572947
0.0247257072
0.0085521219
0.0425543338
0.0829872340
0.1210327670
0.0255876556
0.0351695046
0.0303947795
0.0137631977
0.0049112230
0.0293841083
0.0083858119
0.0228079762
0.0046141036
0.0947415233
0.0164822452
0.0597441196
0.0315705128
0.0822940543
0.0250776187
0.0528562218
0.1509921849
0.0669947490
0.0002989307
0.0637431219
0.0320462845
0.0614355765
0.0055407612
0.0332944244
0.0053727082
0.0047843358
0.0055533974
0.0182414167
0.0029764925
0.0466929302
0.0892564282
0.0054045208
0.0102856699
0.1257057935
0.0066115521
0.0504082516
0.0565701649
0.0301753283
0.1160048395
0.0079784179
0.0206176266
0.0121480394
0.0686224550
0.0020674889
0.0640164837
0.1157359183
0.0018154313
0.0498087220
0.0064533832
0.0169984344
0.0649183467
0.0002350226
0.2371155322
0.0606680550
0.2479440868
0.0421402715
0.0500186905
0.0194730349
0.0033927746
0.0033546840
0.0026642797
0.0162576362
0.1155136302
0.0709601864
0.0290052705
0.1077780426
0.0029862698
0.0242351200
0.0487297140
0.0846579447
0.0534950532
0.1220997423
0.0236733202
0.0234296415
0.0758795440
0.1641188115
0.0192746390
0.1506767869
0.0631618500
0.0077556972
0.2585015893
0.0541650169
0.0609587021
0.0936110318
0.1300694495
0.0740791261
0.0789592713
0.0231276657
0.0317052342
0.0034306308
0.0848253071
0.0124252597
0.0383426733
0.0307006482
0.0099501442
0.0042997962
0.0465292782
0.0776952878
0.0056547420
0.0260166079
0.0973742828
0.0858346596
0.0199229959
0.0183860809
0.0161720179
0.0124174915
0.1101238579
0.0838677734
0.1274436414
0.3192979097
0.0132125970
0.0053838906
0.1481789500
0.0056094299
0.0535375588
0.1917365640
0.0151581950
0.0060590468
0.0007425118
0.0280883685
0.0282884184
0.0765477046
0.1219225228
0.0666176081
0.0076763928
0.0284157041
0.0433913060
0.0020471788
0.0516655184
0.0110871559
0.0262842737
0.0039983462
0.1028073728
0.0341383070
0.0281067491
0.0471068881
0.0197321884
0.0029608940
0.0417145789
0.0009874391
0.0707232580
0.0579967238
0.0094929375
0.0780483186
0.0045143762
0.0055673928
0.0205600411
0.4709415138
0.0803727433
0.0205642469
0.0094380453
0.0438397005
0.0034789713
0.0147464909
0.1236497387
0.0083363308
0.0009403801
0.0081988685
0.0009766496
0.0440949351
0.0010642040
0.0134541281
0.1142373905
0.0263226964
0.0079408335
0.0006096425
0.0001419611
0.0076060244
0.0055952449
0.0040501775
0.0126529047
0.0053540217
0.0143357897
0.0894203186
0.0197744872
0.0188638568
0.0015373681
0.2865909934
0.0413524657
0.0062717479
0.0087818811
0.2427915186
0.0068955980
0.2003248483
0.0419635884
0.0332829989
0.0128567014
0.0002832334
0.0886774585
0.0143071832
0.1477131695
0.0084339110
0.0075924955
0.1388381720
0.0497755669
0.0265736915
0.0052490076
0.0791561902
0.0635619462
0.0061444924
0.0287414808
0.0150813935
0.0151002333
0.0100548938
0.1218646392
0.0285244677
0.0030955400
0.0533823520
0.0344334505
0.0080507873
0.1747306436
0.0121922493
0.0097004026
0.0313272513
0.0160714388
0.0555576682
0.2591860890
0.0180697329
0.0366576351
0.0006210479
0.0141917123
0.0612157434
0.0055291601
0.0217170082
0.1541875750
0.0043721749
0.0923118591
0.0343420021
0.0067608594
0.0138247050
0.2055563480
0.0013052921
0.0097634504
0.0023837960
0.0265700910
0.0002369701
0.0115718311
0.0740015805
0.1889010817
0.0758077651
0.0454359874
0.0095269652
0.0164396316
0.0338919945
0.0277975481
0.0991974995
0.0430747755
0.0055520702
0.1364432871
0.0499210358
0.0040397001
0.0557184443
0.0049795192
0.1107463166
0.0604428314
0.0009394711
0.0029740909
0.0424661003
0.0046062390
0.0027340408
0.0544878468
0.0015360410
0.0028853717
0.0357964002
0.0143686682
0.0478479080
0.0344559439
0.0048298864
0.0272983201
0.0284366012
0.0219929647
0.0229143444
0.0235454645
0.0057583405
0.0633141622
0.0020753704
0.0663493946
0.0654244497
0.0173902772
0.0222764052
0.0108702620
0.0586991161
0.0560780689
0.0235444866
0.2420236617
0.0059431870
0.0025504562
0.0063093584
0.0077522644
0.0130481562
0.0048762248
0.0276877210
0.0013325866
0.0450896472
0.0026192574
0.0036169016
0.2136522830
0.1120318994
0.0475331694
0.0040689008
0.0818330050
0.0205053426
0.1018750742
0.0981627405
0.0314397477
0.0566847846
0.1561302096
0.1621432155
0.0519536771
0.0018018829
0.0096454425
0.0123834806
0.0132512869
0.0867605656
0.0485750102
0.0394068994
0.1380213797
0.1103622466
0.0689493343
0.0123071661
0.0650099292
0.0339650325
0.0179528892
0.0333879292
0.0044342577
0.0147135351
0.0328573138
0.1833886206
0.0092914412
0.0040318840
0.0346765146
0.0039677164
0.0028549670
0.0987777039
0.0203840937
0.0111521827
0.0073427320
0.0448093861
0.0113947280
0.0086454600
0.0160873868
0.0193949230
0.0110697793
0.0028957122
0.0728788599
0.0189255830
0.0199727025
0.0536525995
0.0499462485
0.2338725030
0.0234675705
0.0018994821
0.0002877555
0.2129939795
0.0316389017
0.0528453551
0.0270420220
0.0161257889
0.1136701405
0.0107666142
0.1053029075
0.0104929330
0.0506041422
0.2228036970
0.0215768907
0.0650372058
0.0384258442
0.0014423885
0.0114399586
0.0268581435
0.0323888063
0.0755940676
0.0439663902
0.0080953185
0.0324192755
0.0014587381
0.0142692523
0.0022700515
0.0774592459
0.1530176699
0.0866091847
0.0546849929
0.0198806673
0.0879499689
0.0168697909
0.0731737763
0.0014448451
0.0049623349
0.0202264786
0.1364662647
0.0062402417
0.1208395734
0.1917736977
0.0136034340
0.0201826021
0.0664806068
0.1320744008
0.0797760710
0.0010122494
0.0003715993
0.0048754434
0.0021372307
0.0017787031
0.0543201342
0.0611410439
0.0323844478
0.0207361020
0.0006467572
0.0024644742
0.0475821644
0.0382483676
0.0190093163
0.0035536098
0.0154925818
0.0027340958
0.0041903104
0.0421716534
0.0639207140
0.0632752776
0.0400109626
0.0310187880
0.0775595903
0.0180495735
0.0074133649
0.1761448085
0.0897938758
0.0008879436
0.0121945338
0.0178330634
0.0399567075
0.2061758190
0.0016278032
0.0323825479
0.0712304339
0.0074888170
0.0029667953
0.0006958588
0.0259892121
0.1474770457
0.0290908646
0.0240559969
0.0050034900
0.1108157858
0.0059327735
0.0415048078
0.0022174474
0.0642685592
0.0075826794
0.0075564366
0.0159848649
0.0504644066
0.0397920609
0.0051404936
0.0864154920
0.0010374117
0.0410780758
0.0251269098
0.0011918327
0.0887557343
0.0255267732
0.0066207345
0.0008019969
0.0019104850
0.0073187277
0.0298714135
0.0135183306
0.0043261582
0.0081776772
0.0534542985
0.0067586056
0.0195550360
0.0227219556
0.0271579344
0.0037438108
0.0075796004
0.0289546344
0.0752279535
0.0018529323
0.1868577152
0.0041850652
0.0343195088
0.0078908941
0.1106253043
0.0146784466
0.0364298448
0.0367971137
0.0584187359
0.0006275854
0.3622305095
0.0071123382
0.0018531652
0.0025313208
0.2095544338
0.0798776671
0.0054794094
0.0507091209
0.0681530163
0.1451737285
0.0798287764
0.0097997524
0.0122978026
0.0620163046
0.0460039973
0.0046264231
0.0155069316
0.1149287075
0.0743510127
0.1746930331
0.1450988799
0.0288394988
0.0247325376
0.0377037413
0.0273739062
0.0214046799
0.0466483869
0.0802612081
0.0253285337
0.0766987279
0.0325782113
0.0082871374
0.1538508087
0.0111972215
0.0238126516
0.0204216521
0.0593264773
0.0056906966
0.0005791890
0.0081690419
0.0077845869
0.0023323605
0.0601954460
0.0352920890
0.0064215800
0.0325221941
0.0443272963
0.0377486385
0.0419810824
0.0010330466
0.0039437655
0.0047256881
0.0102520464
0.0032353082
0.0384620577
0.0058728554
0.0535057709
0.0255075954
0.1136668473
0.0600197911
0.0153963221
0.0011532238
0.0003152986
0.0020456831
0.0674471557
0.1232386455
0.0200893674
0.0045777387
0.0127196303
0.0290993042
0.0050698286
0.0064847418
0.0176560208
0.0080199186
0.1520911753
0.0371199846
0.0148026999
0.0013200257
0.0439627022
0.0013813508
0.0199952740
0.0055205612
0.0039933855
0.0002656068
0.0079311254
0.0311954152
0.0745086446
0.0387464687
0.0069747944
0.0086732954
0.0286292545
0.0101780137
0.0537279360
0.0905205011
0.0192878395
0.0408903584
0.0947543830
0.0178843644
0.0048968103
0.1084653959
0.0014027607
0.0774011090
0.0033456408
0.0065236771
0.0243871119
0.0422303714
0.0902361870
0.0688213482
0.0356255397
0.0084536169
0.1769125462
0.0085641788
0.2142618746
0.0038826428
0.0116852969
0.0323613286
0.0032904276
0.0021199579
0.0551897623
0.0960811377
0.0233874619
0.0249163527
0.0663637742
0.0158690549
0.0170669500
0.0008571967
0.0227163956
0.0170873608
0.2627431154
0.0205087885
0.0057166414
0.1118968129
0.0349514894
0.0907748789
0.0055948840
0.0358969718
0.0517385304
0.0664880201
0.0722590759
0.0029250779
0.0350764804
0.0309871826
0.0003547131
0.0838508680
0.0407591313
0.0248297304
0.0316239931
0.0008683607
0.0011342689
0.1715669930
0.0478504077
0.0268273018
0.0065129674
0.0019976043
0.0340732895
0.0287621263
0.0433996096
0.0185493119
0.0083724912
0.0137054659
0.0108331544
0.0873951688
0.0590091124
0.0184593480
0.0268836934
0.0489314161
0.0863205567
0.0488651395
0.0033627539
0.0321086757
0.0037172413
0.0830893442
0.0039835963
0.0028120647
0.0614784807
0.0175861418
0.0723395795
0.0705670193
0.1643349826
0.1051955372
0.0155488150
0.2970247567
0.0572164617
0.0115064885
0.3724929988
0.0508170910
0.0338320173
0.0072863586
0.0058959909
0.0266667288
0.0232218970
0.0235864092
0.4011100829
0.0471022390
0.4575458467
0.1794407070
0.0630642995
0.0103185754
0.0561846532
0.0797237605
0.1443555802
0.0230327323
0.0136180678
0.0251399036
0.0438653603
0.0020938185
0.0074740308
0.0038987172
0.0609787442
0.0359421559
0.0761198550
0.0117229475
0.0028794622
0.0020627915
0.0296841972
0.0010136883
0.0214786679
0.0068417848
0.0253931284
0.0838945657
0.0018735451
0.0051792949
0.0013297595
0.0012495512
0.0648956522
0.0016701657
0.0285773370
0.0197414588
0.0346614532
0.0266734008
0.0343268812
0.0338147283
0.0081799906
0.0017187707
0.0367562957
0.0119796293
0.0373632573
0.0278520212
0.0264079999
0.0031702737
0.0009009375
0.1499734074
0.0086498428
0.0208602585
0.0156326089
0.0417084880
0.0417549983
0.1384737343
0.2609257102
0.0344386771
0.0047603524
0.0140462220
0.0795751289
0.0176829044
0.0003246790
0.0073410920
0.3474175632
0.0067362292
0.0663921759
0.0209781397
0.0929233357
0.0058275959
0.0176176056
0.0231873766
0.0273117851
0.0122932633
0.0073542739
0.1361988187
0.1108359471
0.0946318060
0.0379787348
0.0199732613
0.0061657741
0.0029261378
0.0022114760
0.0158825703
0.0280362666
0.0208790749
0.1031414494
0.0331548676
0.2371088564
0.0247721411
0.0186829809
0.0183217581
0.0502874739
0.0425834283
0.1160212234
0.0054704621
0.0040477584
0.0075837625
0.0298381094
0.0158491824
0.0079502380
0.0034115124
0.0429756306
0.0207450017
0.0120516326
0.0609653369
0.0290047843
0.0046825334
0.0053659040
0.0614682175
0.0465253964
0.0343910791
0.0042117466
0.0077717281
0.0017872526
0.0812420771
0.0144904992
0.0645953640
0.0110406065
0.1307835579
0.0107394671
0.0111816367
0.0007825012
0.0167175848
0.0028636325
0.1504335254
0.0024639512
0.0073093590
0.0031459914
0.0148270726
0.0346882269
0.0041687652
0.0204537753
0.0038627246
0.0002633146
0.0100852400
0.0179283731
0.0566536859
0.0166020039
0.3631432652
0.0259262472
0.0960142463
0.0295477230
0.1212548986
0.0091844378
0.0091522187
0.0046597915
0.0148649272
0.0095292786
0.0110212760
0.0079262415
0.0857283771
0.0177529287
0.0015644172
0.0359678343
0.0567038804
0.0633502826
0.1616573334
0.0017322559
0.0640368313
0.0247545801
0.0027581996
0.1620858014
0.0181376617
0.0200071260
0.0194872431
0.0121987406
0.1406901181
0.0041470509
0.0092347013
0.0347101092
0.3593727946
0.0065072929
0.0378959626
0.0543064922
0.0354588404
0.0005953157
0.0537630245
0.0459376797
0.0692113340
0.0061447718
0.0637610182
0.0132594677
0.2081115395
0.0103526870
0.0650473312
0.0019211969
0.0586875118
0.1578388512
0.0252285190
0.0199396331
0.0025939657
0.0670271218
0.0460722297
0.0106163491
0.0007437391
0.0149112102
0.0662918314
0.0060284659
0.1896851361
0.0104433717
0.0035289226
0.0213080514
0.0834143981
0.0126767671
0.0506422929
0.0592351817
0.0426006280
0.0297812019
0.0439255871
0.0772650614
0.0399124660
0.0251352862
0.0091017988
0.0728697255
0.0046452754
0.0293419175
0.0383614637
0.0043250700
0.0215092059
0.0332777351
0.0282675903
0.0663893893
0.0200549103
0.0041829110
0.0083685098
0.0008603528
0.0495955870
0.1022747830
0.0019983172
0.2374074012
0.0510349385
0.0551536828
0.0019209444
0.0012273969
0.0277500842
0.0006126089
0.0034404816
0.0003835632
0.0606347062
0.0587286837
0.0020916637
0.0150531596
0.0019661637
0.0030029037
0.0718310475
0.0304542892
0.0424017869
0.1446117908
0.0308704544
0.0164400321
0.0746076107
0.0138086565
0.0077597573
0.0264096912
0.0037378538
0.0615630448
0.0313877985
0.0183107331
0.0023031763
0.0321569033
0.0712413788
0.0152265411
0.1422656327
0.0075629479
0.0028683641
0.0011753959
0.0456728972
0.0375444777
0.0057579256
0.0340180062
0.0552165210
0.0053959768
0.0431802906
0.0354449973
0.0463972539
0.0206111781
0.0263351630
0.0022695311
0.0025344891
0.0526284948
0.0129790334
0.0352548100
0.0482494459
0.0315178670
0.0342741571
0.0101327654
0.0212645978
0.1854505390
0.0328722931
0.0041605663
0.0045599607
0.0063603125
0.1166185290
0.0327531397
0.0509612784
0.0265202262
0.0022518921
0.0145778777
0.0323362052
0.1036653221
0.0006215288
0.0035244417
0.2497706711
0.1047801673
0.0004316008
0.0846244842
0.0049364362
0.0097782323
0.0083182324
0.0770732388
0.0271457806
0.0872817039
0.0052874847
0.1590799987
0.0580924749
0.0470077507
0.0501450263
0.0196948219
0.0517344251
