0.2394417971
0.0003254020
0.0022050878
0.0027172987
0.0027514817
0.0002761271
0.0038024888
0.1035969257
0.0035222701
0.0003476746
0.0014018948
0.0006162296
0.0019346110
0.0000103532
0.0012712283
0.0002207008
0.0000384086
0.0090706376
0.0025483198
0.0018299547
0.4133810699
0.0345535614
0.0039940248
0.0001611424
0.0000041681
0.0021110454
0.0006217640
0.0732304677
0.0037916359
0.0000091668
0.0059139892
0.0104607716
0.0002061650
0.0046517220
0.0000249859
0.0158931185
0.4536899924
0.0008542857
0.1469911039
0.0000098066
0.0000704629
0.0002194471
0.0362510718
0.0005275777
0.0049099978
0.0001739422
0.0971897617
0.0273791309
0.0001428647
0.0049265129
0.0027994383
0.0212633219
0.0052673044
0.0016410711
0.0146690011
0.0121016577
0.0037296130
0.0026915285
0.0904106349
0.0008141404
0.0017071993
0.0002556976
0.0884438828
0.0087164175
0.0198962297
0.0014945826
0.0800657421
0.0001250064
0.0041514309
0.0052564619
0.0047335806
0.0010046327
0.0470162518
0.0001589489
0.1918305010
0.0373228267
0.0017786793
0.0001215027
0.0014804814
0.0190705135
0.0022326079
0.0001098174
0.0378923193
0.0002234289
0.0023452400
0.0496743582
0.0006659107
0.0015833352
0.0277610123
0.0001898341
0.1668429077
0.0215099081
0.0020464465
0.0052185268
0.0111238174
0.0006259176
0.0046261903
0.0329009667
0.0010788111
0.4514222443
0.0000989862
0.0094253225
0.0003635506
0.2415174693
0.0219989438
0.0631965250
0.0000890073
0.0012190680
0.0051858840
0.0000008817
0.0393415727
0.0115279974
0.0070126886
0.0000437810
0.0679657087
0.0005555025
0.0011877244
0.0527111739
0.0369638093
0.0118813813
0.0001946466
0.0005547570
0.0064410069
0.1315407157
0.0003683509
0.0005255823
0.0461004861
0.0084535172
0.0050344793
0.0006223581
0.1013854742
0.1320868134
0.0090427864
0.0194828380
0.0055188783
0.3274071217
0.6245669723
0.4677268565
0.0000726555
0.0006693371
0.0008486462
0.0012885685
0.0042127403
0.2980451882
0.0013242428
0.0007510984
0.0001803376
0.1294053346
0.0037917942
0.0000389713
0.1514189541
0.0140386177
0.0175439119
0.0007720672
0.0310848374
0.0000012911
0.0082357824
0.0123865204
0.2660282552
0.0000328312
0.0361840352
0.0013618369
0.0115415892
0.1599801481
0.0000101156
0.1125335619
0.0406096987
0.0025687756
0.0091237659
0.0014790708
0.4054470062
0.0540609360
0.0021530185
0.3969641328
0.0002182056
0.0129014207
0.0000366791
0.0052013877
0.0374541990
0.0953466445
0.0212219805
0.0129818860
0.0089445673
0.0033308435
0.0000127234
0.1133162230
0.0342681520
0.0296028759
0.0021737278
0.6797760725
0.0048899488
0.0001998143
0.0542269945
0.0033614198
0.0010004219
0.0050328602
0.0000093079
0.0073481635
0.0000225862
0.0034426360
0.0004134389
0.0030466309
0.0949233845
0.0012346684
0.0114868786
0.0801664740
0.0003565917
0.0414579138
0.0035407026
0.0000004504
0.0022602666
0.0025345506
0.0044387267
0.0000091953
0.0493579581
0.2279730290
0.0132144261
0.2167373598
0.0325792618
0.7494083047
0.0041843932
0.0026520956
0.0012235071
0.0056499504
0.0000379114
0.0032401201
0.0244185701
0.0406009778
0.0135823488
0.0202995632
0.0312026385
0.0375820994
0.0274395924
0.0005782323
0.2406910807
0.0002293144
0.0006771152
0.1686921567
0.0305340067
0.3598659933
0.0474138558
0.0163262542
0.1577233523
0.0027726989
0.0007277431
0.0426060334
0.0510155074
0.0052412674
0.0004774759
0.0385347866
0.0021553319
0.0199452192
0.0005973451
0.0142353810
0.0095742466
0.0498326235
0.0000042325
0.0009340481
0.0195807014
0.2176436484
0.1099962369
0.0025965713
0.1295337081
0.0967876315
0.1019056663
0.0320957303
0.0123019572
0.0003388078
0.0046337764
0.0223815367
0.0119958790
0.0006270031
0.0192640107
0.0685253143
0.0003216324
0.2453539968
0.0023060553
0.0008149011
0.0023460905
0.0195156839
0.0061444449
0.0055198488
0.0184053723
0.0000468687
0.0101313684
0.2481465489
0.1509281397
0.0001065841
0.0000540916
0.0011792139
0.0594751276
0.0029133153
0.9122790098
0.0153236492
0.0229355935
0.0318186544
0.0000182890
0.0752480477
0.0011864054
0.0015771270
0.4389726818
0.0109006409
0.0294699688
0.0018889741
0.0084651029
0.0020061706
0.0000036059
0.0726790205
0.0114310430
0.0379651226
0.0000045110
0.0029380440
0.8748077154
0.0000301765
0.0733032674
0.0119764693
0.5669175982
0.0008483721
0.2058203369
0.0068303919
0.0878352895
0.0108350357
0.0000461863
0.0236963090
0.0095536131
0.0057969228
0.0513148755
0.0881172493
0.0215926748
0.0009166651
0.0074147540
0.0000346048
0.0030727393
0.0016855274
0.0371060781
0.0085386047
0.1761063784
0.0045348871
0.0001096537
0.0000018642
0.0000537196
0.0149564687
0.0006831390
0.0000436649
0.0028177716
0.0238617472
0.0020667226
0.1742752194
0.1937764585
0.0000317259
0.4613735080
0.0086583728
0.0069581098
0.0021011243
0.0033436345
0.1557218581
0.0044450522
0.0308606289
0.0400623567
0.0000987103
0.0050899643
0.0032549300
0.0266100354
0.0000072454
0.0054911049
0.0006373823
0.0010930320
0.0004485839
0.0004463894
0.0019563325
0.0171232987
0.3341702521
0.0001594992
0.2008893341
0.0007325854
0.2863977849
0.9957577586
0.0668916255
0.1475269794
0.0418493375
0.0233878214
0.1474320590
0.0139965778
0.0967075080
0.0043282993
0.0063055237
0.0298074875
0.0014246012
0.1090496555
0.0000685305
0.5989518166
0.0000610492
0.0833081827
0.0002399549
0.0000270329
0.0829621777
0.0094442712
0.0123132598
0.0448651277
0.2804937065
0.0043707262
0.0000574200
0.0003470792
0.0081412829
0.0007883692
0.0510901809
0.0013268016
0.0001559993
0.0083133290
0.0005162039
0.0251025986
0.1064753458
0.0346700698
0.0006163433
0.1323183328
0.0997998416
0.0017078439
0.0266582798
0.0060133692
0.0003252699
0.0003559797
0.0387597531
0.0003025886
0.3903577924
0.0327879786
0.0241346098
0.0034670690
0.0054219984
0.0034378506
0.5448939800
0.0000304687
0.0011967854
0.0012459642
0.0017140270
0.0399357788
0.0818714499
0.0024231004
0.0107275648
0.0021333019
0.0019074796
0.0014351290
0.0043891245
0.0097062485
0.0004913784
0.0022483028
0.0000349813
0.5139318705
0.0059935362
0.4177063704
0.0003427715
0.0035830254
0.0187785514
0.0084397988
0.0217206404
0.1469466984
0.3343764246
0.3112861812
0.1539885700
0.0126518803
0.0616291873
0.0002864581
0.0001158989
0.0000155104
0.0392577425
0.0183051936
0.3052844107
0.0006198094
0.0048202015
0.0061569475
0.0039062649
0.0004060793
0.0005571495
0.0000079002
0.0279713273
0.0000462226
0.0004191397
0.0107602375
0.0118961129
0.0007157513
0.1940946430
0.0191741008
0.0751101226
0.0022965281
0.0001288827
0.0004054870
0.0006393660
0.0163466744
0.0001751176
0.0010938362
0.0000065930
0.0770573318
0.0005661295
0.0123958169
0.0018933337
0.1651289314
0.0154290060
0.2282175720
0.0482590608
0.1265659183
0.0032772631
0.0008960758
0.0294896439
0.5927404165
0.0018389585
0.0009449697
0.0000560886
0.0184050538
0.0108860554
0.0043957224
0.0894893259
0.0019517072
0.0308857244
0.0284630004
0.0910002440
0.0388027020
0.0150438640
0.0734407902
0.0121491328
0.0089682862
0.0255573336
0.2772939801
0.0045510512
0.1226469204
0.0007068490
0.0009351710
0.0004542460
0.0074063181
0.0571458600
0.0002823308
0.0027998602
0.0019437446
0.4386155307
0.0039128903
0.0028892017
0.0004312659
0.0100168101
0.0026191978
0.0034483874
0.0328327417
0.0026739265
0.0003614949
0.0048156381
0.0032959860
0.1940288097
0.1044374928
0.0131829437
0.0272058323
0.0002693240
0.0029677460
0.0034778770
0.0008173150
0.0000021552
0.0005158338
0.2376862615
0.0125575317
0.6424309015
0.0000069281
0.0000298401
0.0064366697
0.0660750940
0.0000838909
0.0091731111
0.0012369992
0.0007860280
0.0278189294
0.0489357151
0.0649854317
0.1807107925
0.0900795832
0.0001525936
0.0058673322
0.0008063664
0.1127848998
0.0037283660
0.0024812310
0.0003319947
0.0180634279
0.0048986278
0.0025239249
0.4200980067
0.0001116306
0.0131973866
0.2993496358
0.0004242730
0.0000548061
0.0009168076
0.1585466564
0.0010510705
0.0100565739
0.0095505463
0.0031560387
0.0080088601
0.1668970287
0.0101272417
0.0192582551
0.0016988266
0.0067280987
0.5283075571
0.0001950946
0.2511457801
0.0036874008
0.0020193444
0.0221247058
0.0003106354
0.0201842673
0.0053228410
0.0685518011
0.1274071634
0.0146943666
0.0271216426
0.0875356272
0.0116147790
0.6401358843
0.0004645948
0.0276776683
0.0007700059
0.0003395911
0.0017515136
0.0752739608
0.0031358101
0.0325989760
0.0016268417
0.0128302937
0.0483679920
0.0086933672
0.0004083986
0.0015464085
0.0001966983
0.0032140575
0.0003081150
0.0162179824
0.1047166735
0.0455635637
0.0081786560
0.0027793597
0.0005441365
0.0002835734
0.0019354065
0.0006573501
0.0051448750
0.0004011347
0.0170055218
0.2161972076
0.7068943381
0.0392382219
0.2049197704
0.0385781266
0.0000111157
0.0272969231
0.0046125446
0.0094999075
0.0009935423
0.0001340029
0.0055822306
0.0047326926
0.0949142948
0.0026900149
0.2595744729
0.0650559291
0.0856406614
0.0026987009
0.0215440150
0.0006408566
0.0361383557
0.0215649493
0.0983053446
0.2144354433
0.0446802601
0.0027096441
0.0003244210
0.0220125876
0.0020682879
0.0000184162
0.0009594164
0.0008711804
0.0011389446
0.0000611413
0.0001197059
0.0019048279
0.1649821699
0.0209234860
0.0021224753
0.0210502055
0.0004049653
0.0146950157
0.0145193925
0.0263216123
0.0132752433
0.0099708149
0.0011690235
0.0054343170
0.0003850807
0.0603648312
0.1798566133
0.0004195159
0.0036739504
0.0015278909
0.0006601678
0.0612527058
0.0103960233
0.2778511643
0.0008498422
0.0883381143
0.0201142151
0.0302601978
0.0100859338
0.0003961073
0.0274190530
0.0526229851
0.0096994592
0.0002862036
0.0593123287
0.1714322418
0.0000717809
0.0717360452
0.0004830097
0.0932059288
0.0192240160
0.0004286277
0.0010226381
0.0023581053
0.0286977738
0.0098211998
0.0203850772
0.0051836898
0.0158637986
0.0001490484
0.0003315355
0.6945725083
0.0896096975
0.0003607829
0.0035269277
0.0624889769
0.0609833188
0.0025551268
0.0018873375
0.0073657413
0.0178463981
0.0610330999
0.0105340155
0.0004228798
0.0048124101
0.0001057836
0.0913119540
0.0117775369
0.0137427012
0.0065840459
0.0087395497
0.0171286855
0.1731181890
0.0131344972
0.0018995826
0.0020721850
0.0042588534
0.0380072929
0.0095584467
0.0295720864
0.0091084661
0.0039412789
0.0318403691
0.0001476265
0.0091019319
0.0034337232
0.0002361171
0.0103252148
0.0269280560
0.0475020707
0.0211703815
0.0723025650
0.0023229416
0.0014853885
0.2066184431
0.0997410044
0.0002425793
0.0001915518
0.0402757451
0.0185905863
0.0035442682
0.0654159337
0.0009409210
0.0126259709
0.5821731091
0.0000446998
0.0019291844
0.0145895965
0.0364485309
0.0000414335
0.0594721735
0.2395531833
0.3713406622
0.2843649983
0.0156379081
0.0012855405
0.0034853830
0.4611604512
0.0002964468
0.3153869510
0.0022905706
0.0710873604
0.0005243787
0.0736417621
0.0345996469
0.0668819249
0.0041503133
0.9386668205
0.0114488825
0.0013978201
0.0074974089
0.0237821043
0.1907088012
0.0263728742
0.0483868718
0.0028039252
0.0070597259
0.3128842711
0.0003182543
0.0281620510
0.0000062276
0.0026137996
0.0707881749
0.0000009752
0.0000003668
0.0166142471
0.0000041915
0.0190197174
0.0035366237
0.0082470253
0.1554596722
0.0025332430
0.0132394126
0.0011801415
0.0004322440
0.0527416579
0.0127700465
0.0112936525
0.0014712212
0.0035588008
0.0009823631
0.0020360132
0.0042511155
0.0014299457
0.0022069593
0.0006224954
0.1316576600
0.0003773889
0.0023553451
0.0001261260
0.0001518997
0.0006291709
0.0019557611
0.0003383540
0.0005664183
0.6732391119
0.0005727041
0.0224398505
0.0004226782
0.0564038120
0.0439761989
0.0133618228
0.0001314039
0.0687359348
0.0080230711
0.0010896453
0.0506849438
0.0281583127
0.0054726759
0.0311325006
0.0365906209
0.0001119146
0.2227005512
0.0000016935
0.0065212762
0.0005042593
0.0003668640
0.0653858706
0.0003400216
0.0498095565
0.0024851852
0.0000157277
0.0004843453
0.0401412547
0.0000518123
0.0000556641
0.0002857808
0.0004433705
0.0020184624
0.0000526084
0.0025179700
0.0840464830
0.0597095564
0.0000009676
0.0385157652
0.1730937362
0.0548370108
0.0034886040
0.0002961815
0.0001467451
0.1407037824
0.0010916179
0.0058645378
0.0116696889
0.0199762248
0.0222337451
0.0004821969
0.0127722947
0.0512801744
0.0022019772
0.0003812632
0.0028814275
0.0004680619
0.0576842241
0.0000418063
0.0606143549
0.0278431047
0.0552348569
0.0014155626
0.0000025129
0.0291783996
0.1307034940
0.1057650223
0.0000387881
0.0154902479
0.0143493675
0.0224930029
0.0000257640
0.0001030152
0.1143102199
0.0002986037
0.0032804890
0.0008029799
0.0844491273
0.0647003874
0.0000138677
0.7035894990
0.0287501682
0.0066395248
0.0941430330
0.0048032771
0.0201770533
0.8015479445
0.1619648337
0.0017888586
0.2953551412
0.0560769662
0.0337200947
0.0085638305
0.0100287609
0.0000885417
0.0021965026
0.0148426052
0.1282606721
0.0030740746
0.0000036044
0.0160990972
0.0751496851
0.0442386493
0.0290884692
0.0005960007
0.0400313511
0.4010418653
0.0057013263
0.0000222850
0.0014371503
0.0306434948
0.0103763053
0.0002104749
0.0012248259
0.0020370435
0.0032207097
0.0819635987
0.0000385525
0.0126333982
0.0000199908
0.4919833243
0.5369194746
0.0891520083
0.0219041854
0.0078310492
0.0000886778
0.1232862845
0.2357257456
0.0007433178
0.0281281881
0.0684489906
0.0173116270
0.0081966966
0.0001577899
0.1742884666
0.0001819333
0.0722391009
0.0342525654
0.1052867621
0.0004710262
0.0611091256
0.0028641392
0.0095422538
0.0693114251
0.0211786125
0.2332733870
0.0066363742
0.0055892044
0.0066281087
0.0009095212
0.0033929385
0.0249260645
0.0007032131
0.0013537755
0.0059884423
0.0224068835
0.0004733130
0.0100902868
0.0000566695
0.0178983584
0.1071345955
0.1280457526
0.0290508680
0.0113854343
0.6022775173
0.0000446031
0.0051180786
0.1220189258
0.0000004198
0.0029992925
0.1488859802
0.0002622941
0.0013424769
0.0008420780
0.0182140376
0.0137687456
0.0009336798
0.0095449584
0.2587596774
0.4541459382
0.0020244650
0.0082174698
0.0000392395
0.0576287694
0.0117584728
0.0355048627
0.0001995905
0.0000035796
0.0737726763
0.1223642528
0.0384011120
0.0000477744
0.0013255316
0.0002125590
0.0013890073
0.0080113690
0.0140734632
0.0037645912
0.0000113120
0.2464087158
0.0345063284
0.1251154542
0.0001695064
0.0381996222
0.0000001213
0.0027552552
0.0008553736
0.0017949175
0.8909233212
0.0500835329
0.0240289383
0.0133970324
0.0000055297
0.0006824203
0.0009514382
0.0017740637
0.0364634730
0.0027224699
0.0113725327
0.0065602083
0.0018058255
0.0002058556
0.0034334753
0.1136106551
0.0020452256
0.0068716286
0.0223800354
0.0006102622
0.5548741817
0.6469985843
0.0052891951
0.0011264945
0.0565207005
0.0000586585
0.0006335609
0.0229834467
0.0025113777
0.8546809554
0.0022677169
0.0043694912
0.0001317310
0.0042839036
0.0057693883
0.0085277120
0.0045885178
0.0054742722
0.2175275981
0.0102371015
0.0823303610
0.0000104775
0.0002296676
0.0145283537
0.0056188428
0.0296692606
0.0180493090
0.0976207554
0.0116099073
0.3707026541
0.0140407691
0.2595264018
0.0322786495
0.0007631879
0.0049013896
0.0011404102
0.0029936116
0.0094699962
0.0038468321
0.0000758006
0.0005817777
0.0357409455
0.0009357254
0.0001978121
0.0011873760
0.0144547932
0.0730836689
0.0068723420
0.3455093503
0.0000028331
0.0027313642
0.0835209116
0.0117078749
0.0005144010
0.0537406318
0.0000886538
0.0103867603
0.0057012583
0.0021770564
0.0267008357
0.0093392739
0.0025014395
0.0651254728
0.0003887285
0.0027799029
0.0048161936
0.0007076103
0.1208443120
0.0172463637
0.0014027414
0.0002895871
0.0027642457
0.0823913366
0.0091470266
0.0163076166
0.0032277449
0.1701389551
0.0045887139
0.0033519778
0.3906448483
0.0027283577
0.0080636349
0.0012281693
0.0019225678
0.0161135662
0.0679204464
0.0055330996
0.1594668776
0.0346692502
0.0027689845
0.0887127668
0.0284408554
0.0980775505
0.0000212032
0.0002310301
0.0109135797
0.0045047859
0.0012881580
0.0789165497
0.3987321258
0.1801514626
0.1101884544
0.5400012136
0.0172619931
0.0006968629
0.0473458432
0.0000566435
0.0017817341
0.0002830545
0.0139538087
0.0004704774
0.0559240058
0.0019080425
0.0212377571
0.0007322629
0.1780837327
0.1780285686
0.0002030423
0.0106332554
0.1298091710
0.1818300784
0.0002460946
0.0000118761
0.0011279650
0.0001805113
0.0508936495
0.2096532732
0.0013548918
0.0020560317
0.0092054456
0.0023085459
0.0241518039
0.0432612337
0.0016143856
0.0044113132
0.0619801804
0.0947444290
0.0009388917
0.0609097108
0.0086310012
0.0007219999
0.0022009152
0.0016774023
0.0022369938
0.0065034409
0.0000310401
0.0121888323
0.0002845752
0.0982032567
0.0081864968
0.0837023035
0.1098144352
0.0061595943
0.0371013023
0.0012092821
0.0012058700
0.0003645206
0.0034712397
0.0000035677
0.2094442993
0.0147076417
0.0475498922
0.0004182371
0.0146864075
0.0000175655
0.0050947643
0.0018477830
0.0048516952
0.0078549711
0.0012502262
0.0000614289
0.0343384147
0.2254368961
0.0002403255
0.0002234511
0.0005963044
0.0000013341
0.1328828484
0.0014717039
0.0181675386
0.0060815848
0.0126239145
0.2256031632
0.2074420452
0.0069038742
0.2320804447
0.1206458211
0.3237203062
0.0009067255
0.7599425316
0.0010833477
0.1385204941
0.0001698607
0.0000050313
0.0000234702
0.1920828372
0.0000329080
0.0044550723
0.0012726863
0.0005968704
0.1807224900
0.0023128453
0.1524562091
0.0028480319
0.0004695737
0.0012333192
0.7547622919
0.0067575076
0.0018941325
0.0000117526
0.0001314895
0.5543438196
0.2582595944
0.0013688469
0.0001874883
0.0000543545
0.0000548427
0.0013903169
0.0194922946
0.0048789098
0.0007584196
0.0235458221
0.0013668317
0.1379969567
0.0945813730
0.0000136442
0.0000789677
0.2306376845
0.0294937342
0.0022147810
0.0090888971
0.0158644598
0.0172485951
0.0040386282
0.3810441494
0.0000487654
0.0714855567
0.0054814136
0.0652525499
0.0257370677
0.0023194852
0.0178628378
0.0748326331
0.0060108565
0.0002770353
0.0077766241
0.0000819625
0.0580744036
0.0087623904
0.0018611285
0.0291207526
0.0308364984
0.0044182711
0.0020917850
0.0039413124
0.0067544198
0.0000008380
0.0488740429
0.0049843742
0.0171521101
0.0236474555
0.4117836654
0.0127968779
0.0003030939
0.4410457909
0.0107510295
0.0215938091
0.0377661549
0.0003840418
0.4418040216
0.0000196954
0.0003660758
0.0199357420
0.0225399509
0.0112005323
0.0159434546
0.0383447744
0.0016119289
0.0003499541
0.0380594544
0.0058438354
0.0109878182
0.1415244490
0.0056161713
0.0011750836
0.0022605516
0.0267778113
0.0005263514
0.0036739730
0.0004516564
0.0366090983
0.0001410101
0.0020628937
0.1589599103
0.0064061908
0.0118832225
0.4419603050
0.0001744982
0.0103572616
0.0034585784
0.0715989769
0.0037594317
0.5201700330
0.0072600422
0.0446659327
0.0007372652
0.0021166801
0.0012686102
0.0046723527
0.0001732198
0.0020995312
0.6896822453
0.0011397407
0.0003951116
0.1174884513
0.3870627284
0.0010289076
0.1183615401
0.0103196269
0.0049328962
0.0000169115
0.0041506342
0.0000019658
0.0019486099
0.0029257566
0.0006976022
0.0034735133
0.0030636673
0.0000464092
0.0016897048
0.0198311638
0.0006264572
0.0013516652
0.0019584480
0.0015798256
0.0000010901
0.0000189114
0.0024959811
0.0004452600
0.0003315734
0.0000124538
0.2522975206
0.0308104213
0.0048108506
0.0008435670
0.0007716321
0.0000606450
0.2154583335
0.1031604856
0.2195769697
0.0005566478
0.2008329183
0.2601112723
0.0000337785
0.0008843429
0.0000116054
0.6050735712
0.0000204067
0.0165268052
0.0004185819
0.0061610541
0.0000652060
0.0006324213
0.0029746662
0.0007831189
0.0032973175
0.0541211739
0.3892889321
0.0009122451
0.0002040899
0.1233288869
0.0673831925
0.0335790738
0.1619244814
0.0006775816
0.0002654076
0.0179899260
0.0039941599
0.0022151256
0.0375077762
0.0052848370
0.4092104435
0.0006146621
0.0112162540
0.0253189430
0.0046330197
0.0298993047
0.0173161291
0.0001779581
0.0308144055
0.3524399698
0.0102940854
0.0007682479
0.0360157304
0.0112542827
0.0000038460
0.4847266674
0.0019548510
0.0001492604
0.0444281995
0.0004364958
0.0029615755
0.0540968329
0.0000149109
0.0030158339
0.0709905103
0.0044579683
0.0037406518
0.0168576799
0.6410229206
0.0258307848
0.0069117155
0.0000006031
0.0077505913
0.5206043720
0.0037159245
0.0427384377
0.0220714733
0.0001884597
0.0369539335
0.0118492395
0.0465636551
0.0049394215
0.3436596096
0.0020945938
0.0055442937
0.0175560955
0.0029875534
0.0245035160
0.0020936660
0.1475199908
0.0468721129
0.4893116355
0.0078960508
0.0169323664
0.0058387737
0.0005237742
0.0963523984
0.0000655035
0.0014133380
0.0099948552
0.0011666501
0.0193745513
0.0489294976
0.0025096161
0.0520917028
0.0009148891
0.0032778208
0.0020602215
0.0820822120
0.0009493193
0.0059063267
0.0025517656
0.0002714104
0.0000218600
0.0000188090
0.1145875975
0.0010044383
0.0006730289
0.1917700619
0.0362468138
0.0459741466
0.0010334856
0.0331632905
0.8647243381
0.0021995616
0.0006385813
0.0000856322
0.0005310767
0.0031801322
0.0000551334
0.0125403544
0.0227691066
0.0304300375
0.0131178638
0.0005576337
0.0000170252
0.0032223589
0.0354265086
0.0120966807
0.0015420333
0.0003578453
0.0042343652
0.0027835986
0.0042008753
0.0000261711
0.4964278936
0.0000660150
0.0003431779
0.0002136208
0.0350265503
0.0833319277
0.0786734447
0.0000661334
0.0494477674
0.0018248137
0.0457251035
0.0053463914
0.0000729572
0.0290641710
0.0018298380
0.0000323096
0.0019405585
0.0256064720
0.0095330551
0.0180068053
0.0537054166
0.1045419872
0.0085969828
0.0135788480
0.0439322479
0.0001399916
0.0446407609
0.0299439561
0.0000369024
0.0688711628
0.1759049147
0.0052584796
0.0021741665
0.0061488235
0.0229044668
0.0006201717
0.0087838406
0.0000081917
0.0011451789
0.0593591481
0.5186905861
0.0007609661
0.0001831934
0.0152218873
0.1914703250
0.0199629180
0.0000028916
0.1543907672
0.0001398546
0.0004800869
0.0001448650
0.0047341599
0.0121110436
0.0000727266
0.0557156205
0.0007954453
0.0017820421
0.0017576473
0.0002731755
0.0007094250
0.0018207273
0.0127008297
0.0314557329
0.0803524479
0.0801335126
0.0032154694
0.0015764079
0.2313277274
0.0314176157
0.0401272886
0.0046639317
0.0099611618
0.0498911813
0.0377663150
0.0225064158
0.0073980824
0.0101944460
0.0001874927
0.0344237871
0.0000211035
0.0005422159
0.0306468252
0.1196657419
0.1399074495
0.0122195119
0.0043645222
0.0021274397
0.4231179059
0.0020124796
0.0011799083
0.0630796403
0.0566733368
0.0046382053
0.0035143162
0.0009852757
0.0003988555
0.0009301238
0.0445984788
0.0046774475
0.0003270744
0.0608104207
0.0066981344
0.0159120653
0.0001342333
0.2963147163
0.0365768336
0.0001495967
0.0399601385
0.0102517996
0.3951714635
0.0007221168
0.0339418761
0.0014249593
0.0212538186
0.0002759210
0.0488542318
0.0036969010
0.0063639055
0.0083503751
0.0002360984
0.2167839557
0.0079138884
0.0981356055
0.0005297465
0.0015494352
0.0047490969
0.1545898467
0.0014609791
0.0340346657
0.0084097637
0.0041560368
0.0902919248
0.0028175721
0.0013093599
0.0000195196
0.0150185144
0.0013488284
0.0177570041
0.0551141016
0.2119442225
0.0019069167
0.1015744507
0.0006331580
0.0015739813
0.0001396118
0.0042196857
0.0000896937
0.4128581882
0.0039006933
0.0448562503
0.0065747616
0.2368416190
0.0101189949
0.0277598873
0.0780389756
0.0722208545
0.0669791549
0.0028646281
0.0000033681
0.0016407266
0.1016775817
0.0469021350
0.0001213019
0.0001732346
0.0154632628
0.0023175878
0.0031070833
0.0103575112
0.0205844399
0.0006189534
0.0216501914
0.0000226406
0.0000079875
0.0014258036
0.0046528904
0.0648154616
0.0073377918
0.1399398446
0.0381345078
0.0003625593
0.0009095481
0.0017243252
0.0070953835
0.0008800765
0.0000179201
0.0234040711
0.0000053057
0.0457152836
0.0318006501
0.1602250338
0.1311463267
0.0014018267
0.0111187091
0.0026314550
0.0020135746
0.0431288145
0.0821669102
0.0000536171
0.0487207957
0.0001514186
0.0036053909
0.0004460281
0.0000024414
0.0709421113
0.0025050556
0.0068250825
0.0660615042
0.0202731322
0.0032348100
0.0018848070
0.0080709541
0.0263544470
0.0006902181
0.0155467931
0.0006565499
0.0216501858
0.0062001604
0.0101624122
0.0000018247
0.0112663656
0.0000526583
0.4206075668
0.0010572013
0.0191784520
0.6316115856
0.0084909257
0.3699524105
0.0000002574
0.1996155083
0.0263643097
0.0038531523
0.0153825423
0.0539224669
0.0001506144
0.0055550463
0.0039346018
0.0269461386
0.5792452097
0.0007580529
0.0019609279
0.0045665195
0.0001826201
0.2564842999
0.0000733293
0.1088974699
0.0000612619
0.0001927739
0.0148710730
0.0001357075
0.0047509479
0.0000380178
0.0067832400
0.0041765999
0.0037614449
0.0117060374
0.0009272679
0.0398626998
0.1562499106
0.0012406465
0.0366196893
0.0744496435
0.1089476794
0.0801210999
0.0001061744
0.1164888516
0.0006193500
0.0004805809
0.1048889309
0.1116065383
0.0006106331
0.1534709483
0.0001811493
0.1038399041
0.0000651729
0.0067773061
0.0000281026
0.0293619577
0.0005888203
0.4019440711
0.0007974234
0.0094777150
0.3255625069
0.0000459053
0.0003158383
0.0039640791
0.0001539305
0.0000110910
0.0004561933
0.3968507946
0.0021964891
0.0034453752
0.0034105398
0.0034740847
0.0092303781
0.0032381928
0.0156030366
0.0003659153
0.0083732484
0.0053524203
0.0074492679
0.0141458493
0.0058348496
0.0017257417
0.0165674128
0.0491046011
0.0458088815
0.3597623706
0.0597870015
0.4132521152
0.6892532706
0.2767888010
0.0265948288
0.0000293078
0.0765199363
0.0279856268
0.0040352400
0.0010115018
0.0048858807
0.0034997812
0.0009679759
0.0018405583
0.0034719605
0.0497361347
0.0763471052
0.0065695094
0.0008111947
0.0015114961
0.0120236194
0.0004168715
0.0157973301
0.0003305221
0.0043864977
0.0001707601
0.0124005098
0.0039260611
0.0109546939
0.0026640517
0.0004365104
0.0010299113
0.0879004225
0.0104756188
0.2532425225
0.0084994724
0.2491535693
0.0349269398
0.2724302411
0.0024907852
0.0021594758
0.0016427594
0.0022721956
0.0187418256
0.0004721318
0.3069355786
0.0139404749
0.0001019994
0.0003081509
0.4063062966
0.0004557560
0.0046673194
0.0241968334
0.0019213725
0.0810568929
0.0286459010
0.0153467115
0.0000003024
0.0181538500
0.0000410511
0.0007580616
0.2554067969
0.0019153366
0.1541393995
0.2350735664
0.0150240185
0.0062331022
0.0023271523
0.0001502689
0.0797445998
0.0007178499
0.0117887594
0.0006150171
0.0007111446
0.0149094872
0.0181673095
0.3802572191
0.0001745007
0.0003465122
0.0340245068
0.0004904395
0.0557625219
0.5085418820
0.0211737007
0.0105355112
0.0041062655
0.0008441319
0.0007124416
0.0002589214
0.0001123387
0.0023653046
0.0006388281
0.0134820491
0.0078022522
0.0027481879
0.0010505549
0.8041948676
0.0000799758
0.0050531854
0.0658239350
0.0088170404
0.2734172344
0.0000569250
0.0007431704
0.0198508799
0.0000397007
0.0037597155
0.0020800626
0.0001235975
0.0001263392
0.0049844496
0.0035265624
0.1104720458
0.0010319371
0.0819612369
0.0043631792
0.0003609931
0.3674748838
0.0141422795
0.0487479195
0.0002992059
0.3827146590
0.0040702266
0.0002907462
0.0000226185
0.0153158298
0.0173834823
0.0003248658
0.1353099644
0.0000002501
0.0000253471
0.0000039375
0.0091983555
0.0031970264
0.0490339436
0.1935886145
0.0791862607
0.0000023203
0.0541612431
0.0044908929
0.0003348157
0.0331186987
0.0736209154
0.0259928945
0.0800172165
0.0114488387
0.0039457064
0.0018884995
0.2491113693
0.0016519426
0.0048290500
0.0009200891
0.0108483406
0.0155782430
0.3186073005
0.0009506009
0.0894523859
0.0246273316
0.0144856516
0.0042869030
0.0156374462
0.0006993179
0.0019467495
0.0890448913
0.0001936259
0.0750572011
0.0092583774
0.0128196562
0.0003654381
0.0038198284
0.0172804072
0.4228659272
0.0011734053
0.0000000239
0.0000107117
0.0124694668
0.0000532807
0.3017513454
0.0003691138
0.0008838472
0.0027729599
0.2495726496
0.1600150466
0.0000112039
0.2526431680
0.0265180711
0.0061866869
0.0268751103
0.0078396648
0.0710364506
0.0006155350
0.0053205010
0.0019863150
0.5375777483
0.0000709719
0.0875102729
0.0017635636
0.0566910319
0.0051660519
0.0765088424
0.0052969130
0.2935589552
0.0039543440
0.0069094608
0.0356206186
0.0004308289
0.0170812421
0.5350608230
0.0087194173
0.0031772282
0.0155365951
0.0107636238
0.0006383017
0.0205139965
0.0208073854
0.0244418960
0.0078710672
0.7845993042
0.0016123618
0.0002440945
0.0025939941
0.0082272878
0.0001491711
0.0116380164
0.0000449655
0.0076308344
0.0409785770
0.0009299549
0.0231116470
0.0013899164
0.0500884429
0.0315670073
0.0013814995
0.0008420997
0.0020294171
0.0014697921
0.0118851662
0.0012352673
0.0009884245
0.0230687391
0.0002493530
0.0038496978
0.0025129367
0.0000012677
0.0220911615
0.0277535617
0.0003374337
0.0131615298
0.2608887851
0.0016860947
0.0026703456
0.0235489141
0.0003937133
0.0006380785
0.0039544455
0.0008291771
0.0037918917
0.0542187057
0.0165198706
0.0007951432
0.0000000024
0.0012509711
0.0017950910
0.0085575422
0.0029271091
0.0072865658
0.0063559287
0.0370790213
0.0004084529
0.0023444449
0.0361929163
0.0006441711
0.1997467130
0.1022251025
0.0016381487
0.0008430033
0.0012338362
0.0072221304
0.0002308514
0.0000930846
0.0000623738
0.0006271654
0.0021256872
0.2379827499
0.0001169865
0.0158756543
0.0002833682
0.0008211249
0.0001562926
0.0660454929
0.0071590119
0.0409821384
0.0000069913
0.0348280594
0.0053266264
0.0002978948
0.0008320632
0.0270831324
0.0062245508
0.4615212679
0.0096872002
0.2136808634
0.0676404834
0.5088227987
0.0315242931
0.0200267639
0.0001297267
0.1950334311
0.0004201883
0.0002536268
0.1653784662
0.0001509236
0.0842301548
0.0032955799
0.0619556233
0.0463348329
0.0069619291
0.0007046732
0.0000489439
0.0117877191
0.0008328128
0.0001102669
0.3487338126
0.0350515880
0.1020579487
0.0008059776
0.0000942665
0.0055826511
0.0042119487
0.0000751068
0.0016765815
0.8935202956
0.2432622910
0.0082355449
0.0000882767
0.0267731156
0.0033954422
0.2046063840
0.0441304296
0.0039132917
0.0003141674
0.0671121925
0.0032396875
0.0384556986
0.0008953008
0.2757149637
0.0000098501
0.0000433275
0.0201455727
0.0033868833
0.0001404484
0.2028518319
0.0095944656
0.0309119970
0.0895295367
0.0145530337
0.0000049892
0.0003182786
0.0295596235
0.0285818987
0.0000139157
0.0071057510
0.0031524564
0.7109294534
0.0000650360
0.0122255795
0.0012142538
0.0048521785
0.0000000012
0.0063117440
0.0000207700
0.0000633149
0.0063209743
0.0208234098
0.0655634552
0.0506094061
0.1485933363
0.0080376565
0.0011311269
0.0127922343
0.0278336648
0.0710600391
0.0004040104
0.0329242535
0.1253511757
0.0028538026
0.0011217357
0.1307013184
0.4245747924
0.0020669124
0.0008005248
0.1960826218
0.0056972620
0.3639222383
0.0000022302
0.0001973995
0.0554844439
0.0028766186
0.0171597973
0.0013364938
0.0084284218
0.0072314120
0.0000220983
0.0511505120
0.0039668796
0.0781309381
0.0042056991
0.0082840025
0.0311447810
0.0238640029
0.0007563366
0.0219588578
0.3243153691
0.0281012524
0.0307869744
0.0369352661
0.0000690671
0.0001903039
0.0130215688
0.0882822648
0.0004938589
0.0000799257
0.3507755101
0.0193370171
0.2311516553
0.0208171997
0.0169313420
0.1113591269
0.0002182456
0.0130806426
0.0004630357
0.0269815940
0.0075399335
0.1403717101
0.0855938718
0.0191341192
0.0010227482
0.0023910631
0.0000083701
0.0010373791
0.9401062131
0.0012538275
0.0000028816
0.0010416221
0.0000226920
0.0688318014
0.0000247659
0.0404058062
0.0000495901
0.0003225235
0.1013817340
0.0035232927
0.0425155759
0.4244667888
0.0771351978
0.1185226142
0.0002124244
0.0035143162
0.0175388996
0.0267153345
0.0028203749
0.0272502899
0.0040369080
0.0007853456
0.0108561730
0.0180434268
0.0002538053
0.0143524073
0.0000669318
0.0019749310
0.8337804079
0.0005031267
0.0040500616
0.0160390623
0.0034215685
0.0031265602
0.0396492258
0.0933567658
0.0028630989
0.0123852668
0.0002832975
0.0913717374
0.0015536058
0.0204608031
0.0756745115
0.0019150140
0.0123678101
0.0253008027
0.0042967736
0.0019779566
0.0186403450
0.0026016852
0.0037365099
0.0521299243
0.0363433845
0.0223489143
0.0001185503
0.2356579304
0.0002448005
0.0691094622
0.0045620413
0.0397114642
0.0003959555
0.0000083273
0.0419944562
0.0540787429
0.0002371369
0.0275612697
0.0123812715
0.0063717864
0.0270518642
0.0016394077
0.1277535260
0.0013286358
0.0031206999
0.0000120937
0.0000078345
0.0027339852
0.0001414907
0.0111350371
0.0051000747
0.0224260949
0.0593999028
0.4541891217
0.0220160019
0.0043491987
0.0071032485
0.0031057617
0.0447950698
0.1441131532
0.0004562542
0.0083204741
0.0002120452
0.0019562563
0.0132778967
0.0935200900
0.0000395781
0.0182364359
0.0094293971
0.0074287909
0.0183765609
0.0317992568
0.0107638165
0.0086817779
0.0004215050
0.0064585344
0.0110538695
0.0844256803
0.0467797928
0.0085735526
0.0444612801
0.0000578618
0.0059468285
0.0000373331
0.6734598279
0.2910838127
0.0008419147
0.0089722751
0.0090941330
0.0001184246
0.0410737880
0.0013715801
0.0063104676
0.0074075563
0.0001201292
0.0070940973
0.0039177085
0.0000325302
0.0071504293
0.0007981593
0.0853499621
0.1408407092
0.0013545891
0.5567146540
0.6439828873
0.0030769506
0.0251768585
0.0008926946
0.0001641366
0.4606886208
0.0004286432
0.0295556225
0.1530998498
0.0070729512
0.0250333883
0.0035511774
0.0018380808
0.0069848420
0.0032189880
0.0467061326
0.3740810156
0.0177182630
0.0144115724
0.0017538704
0.0131345661
0.0306453109
0.0160461832
0.0061789602
0.2305928022
0.0000111032
0.0001014983
0.0019493874
0.0763715506
0.0000664857
0.0126689877
0.0003364924
0.3008678854
0.0101004941
0.0135097560
0.0227904506
0.0087486953
0.0153751839
0.0011711295
0.9025571346
0.0047999821
0.0576279648
0.5142560601
0.0010963227
0.0837372541
0.0157236960
0.0002326822
0.0023715545
0.2034376413
0.0000068761
0.0390876718
0.0000092118
0.0003166651
0.0023704059
0.0003161504
0.0076359091
0.0009180292
0.4237099588
0.0757252574
0.0003128012
0.0626649857
0.0000166287
0.0013423777
0.1146679744
0.0010818420
0.1913520545
0.3686282635
0.1800696254
0.0566559322
0.0004713806
0.0049833623
0.0002665003
0.0001947026
0.0870872289
0.0299333073
0.0004558714
0.0360341035
0.0121706696
0.0288428701
0.4521846175
0.1024894714
0.0012003096
0.3374183774
0.0225518476
0.0061288280
0.0036985944
0.0122827711
0.0088162608
0.0108839348
0.3243985772
0.0003762541
0.1576120406
0.0028870981
0.0171109606
0.0357185565
0.0000056020
0.0002350887
0.0003818608
0.0418767482
0.0000259197
0.0001862947
0.0082103219
0.0000273877
0.0182172358
0.0637445822
0.0039209439
0.0001709257
0.0054588886
0.0019390263
0.0128172198
0.0056857183
0.0016395062
0.0000180647
0.0033544255
0.0275841430
0.0660293400
0.0513953157
0.0192458108
0.0003282020
0.0049817259
0.0037483736
0.2652101219
0.3706798553
0.0478455648
0.0002946962
0.0003617179
0.0000152067
0.0000759777
0.0136726443
0.0173477847
0.0005900411
0.0005392599
0.0560498424
0.1958931684
0.0041906969
0.0106362915
0.0300907604
0.0132377120
0.0039234571
0.0000005838
0.0003854973
0.0000577384
0.0656710640
0.0006498512
0.1059375405
0.0013698348
0.0964156911
0.3906959295
0.0185891502
0.0632133931
0.0265938360
0.1382095963
0.0039866259
0.0581703521
0.0042694807
0.0011431506
0.0010428985
0.0465108491
0.0367062129
0.0122265816
0.0003739676
0.0002752290
0.2235407978
0.0025655229
0.0000000443
0.0138964513
0.0000016313
0.0005437821
0.0204399414
0.0000378022
0.5008245707
0.0124148373
0.0061419043
0.0005189031
0.0073055606
0.0023196770
0.0006539798
0.0045890911
0.0020538941
0.0005717349
0.0000066280
0.1152224317
0.0001496036
0.7684343457
0.2302647084
0.0034729093
0.0080159390
0.8749706745
0.0012616303
0.1595016271
0.0004619230
0.0254778266
0.0000324782
0.0001348891
0.0784835219
0.0046749990
0.3509120643
0.3859619796
0.0003491963
0.0169929154
0.0002544767
0.0008542927
0.0001699471
0.1935828328
0.0010229246
0.0000000200
0.4495450556
0.8082799315
0.0085569872
0.0021388361
0.0485815145
0.0396717787
0.0007004868
0.0000279424
0.4609911442
0.0002223962
0.0385269746
0.0175145548
0.0003679656
0.0645642430
0.0103724096
0.0265970137
0.0020567570
0.1291329265
0.0439561382
0.0173146781
0.0004567544
0.0000705721
0.0008643446
0.0008011074
0.0270745009
0.1110199615
0.0006666013
0.1521369964
0.1636671126
0.0098298742
0.2488264889
0.0016855756
0.0000871408
0.0154008176
0.8186013103
0.0419217497
0.0084064640
0.0032839521
0.0001225116
0.0120804179
0.0000153115
0.1963142008
0.0001145407
0.0009103531
0.0028817891
0.0165696256
0.0002288588
0.0007221661
0.0005775672
0.0009357958
0.0065278313
0.0702596381
0.0001411157
0.0011802028
0.0008385081
0.0128147881
0.0000193743
0.0006479868
0.0260215793
0.0000412272
0.0111880014
0.0046525300
0.0121874539
0.0572782531
0.4515237510
0.0004493852
0.6999125481
0.0008570215
0.0146478508
0.0000310901
0.6488046646
0.0035688470
0.1143551245
0.0065651573
0.6786136627
0.0015001219
0.0003438490
0.1172154099
0.0003321093
0.0005669806
0.0404685847
0.0013210267
0.0017215442
0.0006324843
0.0045633293
0.0000510503
0.0238629691
0.0006430167
0.0026936566
0.0142982565
0.1021076143
0.0056537529
0.0618763380
0.0001788106
0.0001589107
0.0589248799
0.0068804170
0.0467209779
0.0341666080
0.4490017593
0.0008934477
0.0068750498
0.0001165535
0.0007634581
0.0003283381
0.3088230193
0.0064701932
0.0045616059
0.0009965531
0.0009239664
0.0009980215
0.1595774293
0.0160297938
0.0026941127
0.1009335145
0.0033917991
0.4559566379
0.0093321605
0.0044154259
0.0005888293
0.0050189444
0.0435557328
0.0242852699
0.0061737942
0.0717196912
0.0307851657
0.0030510868
0.0005890204
0.2268948108
0.4077792168
0.0003145264
0.0004445793
0.0004893625
0.0003105927
0.1820887029
0.0069751116
0.0002309780
0.0000002330
0.1657851189
0.0016561222
0.0017550263
0.0001031919
0.0070685367
0.0048532309
0.0360060222
0.0096543105
0.6383315921
0.0000113528
0.0372065492
0.0091800001
0.0005685347
0.0002412425
0.0203971751
0.0013811259
0.1377727389
0.0070090964
0.0079626236
0.0028153984
0.0077705812
0.0107148401
0.0043607815
0.0045657130
0.0291196182
0.0358812734
0.2194279879
0.0009592916
0.0074529140
0.0068183434
0.0000007411
0.0027434195
0.0044951928
0.2484709471
0.0014005715
0.0192574803
0.1439633220
0.6525330544
0.0174840894
0.9780316949
0.0021078936
0.0125898672
0.0335583016
0.0009765173
0.0632066578
0.0028848092
0.1659719795
0.0019012005
0.0077823405
0.0000007762
0.0935314521
0.0003662388
0.0013087989
0.0016973716
0.0020279596
0.0007952027
0.0002480536
0.0493708663
0.0129478127
0.0074399733
0.0001231638
0.0112341531
0.0009881341
0.0185114890
0.0144682424
0.0047587873
0.1585714966
0.0025545838
0.0308312401
0.0251784679
0.0006118818
0.0020218540
0.0066219610
0.0047855442
0.0012145535
0.2438917160
0.0022505042
0.0161700249
0.1788682640
0.0003515465
0.0011915256
0.3063504696
0.0403106064
0.0030248396
0.0000245660
0.0000696237
0.1399462074
0.0010789473
0.0399114154
0.0000806377
0.0542138182
0.0288808085
0.0000096151
0.0009012247
0.0551689193
0.0498692207
0.8237259984
0.0002499236
0.0571493544
0.0001519688
0.0059490385
0.0023068606
0.0000311517
0.4089448452
0.0003260358
0.0126840267
0.0100916773
0.0000033372
0.0079701683
0.0161173940
0.0004677588
0.1519150585
0.0628781617
0.0175417252
0.0001683120
0.0000600412
0.0982386246
0.0000095918
0.0074589239
0.1381002665
0.0027228245
0.0000599070
0.0000008144
0.0071407603
0.0022258360
0.0032254739
0.0004842475
0.0927746519
0.4187349677
0.0254753847
0.0161310565
0.6726938486
0.0327030495
0.0015717585
0.6726792455
0.0094253179
0.0636589974
0.0192580838
0.0011578216
0.0018075851
0.0111075686
0.0038906366
0.4474061728
0.0261051636
0.0002078080
0.0942078307
0.0007482044
0.0003215809
0.0519044958
0.0108854547
0.0000141235
0.0075105741
0.0000026686
0.0454980433
0.0007383719
0.0024438342
0.3956747353
0.0002401082
0.0044616377
0.0035863705
0.0517412350
0.0433231369
0.3119280338
0.1194044277
0.0029725924
0.0009577938
0.0693574920
0.0840231180
0.0007309773
0.0030214619
0.0000089229
0.0137645509
0.4551302791
0.0453524180
0.0038708139
0.0411339179
0.0255081076
0.0207290500
0.0007470680
0.0001610608
0.0082654273
0.0000498040
0.0003697364
0.0326447375
0.0319923609
0.0039507174
0.0074731074
0.0018120488
0.0407590158
0.0236023162
0.0009398346
0.0005899877
0.0632693991
0.0044370117
0.0013466713
0.0236484464
0.2587185204
0.0180411302
0.0025675662
0.2913213968
0.0006263252
0.0065482729
0.0008620475
0.1189367771
0.0059318282
0.0011073358
0.0050246459
0.0000726602
0.0002727089
0.0706780031
0.0812127367
0.0615689084
0.0073937071
0.0023320417
0.0002060208
0.0105769234
0.1641107947
0.1257867962
0.0001684819
0.2725785375
0.0146443006
0.0038625801
0.0091408659
0.0539001040
0.0040981499
0.0616516396
0.0004931230
0.0353321657
0.0615245663
0.0768855512
0.0002349317
0.0250256732
0.0160432477
0.0339644141
0.0838380009
0.0003450752
0.0015066470
0.0180347357
0.0941751748
0.0020851407
0.6683081388
0.1841089875
0.0494998358
0.0010273820
0.1300588995
0.0128058400
0.3604896367
0.0033928307
0.0000276282
0.0727984384
0.0052627092
0.0031708360
0.0009452313
0.0257243961
0.0009586589
0.0011914950
0.3020016849
0.6441550255
0.0000003138
0.0067250305
0.0026844111
0.0042381040
0.0044732019
0.0055795470
0.0025654386
0.0024782124
0.0405234918
0.0200412739
0.0008258019
0.0662734509
0.0080413269
0.0040927511
0.0006210444
0.0079452638
0.0021744240
0.0330322497
0.0004865115
0.0034693170
0.0195508078
0.1700722575
0.7230196595
0.0044270828
0.0006558676
0.0037223948
0.0001521298
0.1597412825
0.0011246760
0.0173783433
0.0062762699
0.0036580018
0.0002788579
0.1136521548
0.0032483030
0.0027661617
0.0429659635
0.0050120363
0.0086358087
0.0357863531
0.0010198355
0.0004392119
0.0004708911
0.0856999904
0.0013158745
0.0038581041
0.0022504013
0.0000772280
0.0691266283
0.0652911440
0.1794791818
0.0389565006
0.0017909486
0.0002591852
0.0002503065
0.0008381534
0.0002152207
0.2012131959
0.0404979922
0.0187767949
0.0000046416
0.0385360830
0.0003569979
0.0000007318
0.0065707508
0.2927939594
0.0613051392
0.6323706508
0.0014988341
0.0010086203
0.0034636471
0.0368193313
0.2003425956
0.0006979948
0.1489326060
0.0031388288
0.1423190832
0.0186422374
0.1857066751
0.0175494011
0.0026981053
0.0737132654
0.0555387177
0.0071507366
0.0001133011
0.0002855078
0.0000426044
0.0307383072
0.0010035416
0.0145936962
0.0006329275
0.0005803068
0.0898022577
0.0032452107
0.0345297307
0.0047988365
0.0051294318
0.4926088154
0.0267461240
0.0253243782
0.1195705682
0.0027476260
0.0000168776
0.0137750097
0.0113905603
0.0296853483
0.2111245394
0.0912140161
0.0002494928
0.0436451323
0.0145159131
0.0205144100
0.0017032162
0.0054111686
0.0646988004
0.0451860800
0.0035511809
0.0646101311
0.3363709748
0.0095040640
0.0177672449
0.0302383360
0.1085238829
0.0051101013
0.0272137579
0.0002058664
0.0028556145
0.7933926582
0.0015800860
0.0001121493
0.0009499657
0.0000130310
0.0115583511
0.0000582406
0.1144810840
0.5233726501
0.0040467242
0.0085293455
0.0001537715
0.5262002349
0.0001649913
0.0032214371
0.5729805827
0.0001944006
0.1155994460
0.0004374349
0.0000799469
0.0000209991
0.0815076530
0.0214067735
0.0003497124
0.0975091755
0.0014706020
0.0001110303
0.0008061850
0.0000931585
0.0026460183
0.0154034998
0.0000046570
0.0019225250
0.0061517996
0.1313185692
0.0113179423
0.0213404372
0.0073780832
0.0438257605
0.0184205752
0.0000801273
0.0562560745
0.0034664494
0.0000803406
0.3675236404
0.0183047205
0.3416975141
0.0054038311
0.5829255581
0.0004549736
0.0079559749
0.0011709789
0.0145785362
0.1999097317
0.0025038654
0.0149972271
0.0010701320
0.0001181515
0.0931142718
0.1868717521
0.0062508662
0.0331059471
0.0060745100
0.0002340454
0.0515637621
0.0000322085
0.0150235659
0.0024454831
0.0002699479
0.0258427318
0.0003002617
0.1956316084
0.0041517285
0.0036286486
0.0001746477
0.0004513375
0.0005837100
0.0053809197
0.0006909404
0.0206420757
0.0828205347
0.0048461407
0.0796934143
0.0191234630
0.0565367602
0.0024844396
0.0043767001
0.0001237961
0.0014859147
0.4236507714
0.0076025734
0.0001771812
0.0780075043
0.0119923856
0.0410211869
0.0004055541
0.0961010158
0.0029766706
0.2507982850
0.0479350388
0.1486056745
0.0002100100
0.0000015001
0.0000813172
0.0006888125
0.0095684826
0.0312134307
0.0029369087
0.0001048704
0.0003646492
0.0237062387
0.0175409447
0.1520717591
0.0516652949
0.0095069818
0.0242356844
0.0043862085
0.0646190941
0.0859363526
0.0136216301
0.0300831776
0.0326738805
0.0072687729
0.0116571300
0.0008363134
0.0000640025
0.1349013448
0.0297985319
0.2930627763
0.0056303772
0.2676954269
0.0013444531
0.0000754166
0.0161197223
0.0000596868
0.0293460693
0.4331033826
0.7139599323
0.0363124348
0.0000947323
0.0002442754
0.8733460903
0.0350950137
0.0006391844
0.0087649254
0.0077461563
0.4832955301
0.0038999524
0.0260496978
0.0358186364
0.0098037841
0.0681006014
0.0353071280
0.0003179795
0.0007051129
0.0032422489
0.0000201861
0.0460263677
0.0002541680
0.0000921266
0.0324021392
0.0055236490
0.0001569975
0.0355727524
0.0362137295
0.0004337392
0.0135837281
0.0922390297
0.0061372630
0.0101867942
0.0150146764
0.0099668149
0.0043930812
0.0346585736
0.0803054050
0.0045072073
0.0005598505
0.0538099855
0.0366239436
0.0225589853
0.0024601547
0.0088718245
0.0002709102
0.0774565265
0.0042115203
0.0066602686
0.0055210530
0.0267533045
0.0078416709
0.0177844800
0.0000252403
0.0007497393
0.0374212302
0.0059694494
0.0096937260
0.0020209190
0.0037930734
0.0005614632
0.0162005387
0.0001760591
0.0010259803
0.0528213680
0.0047524660
0.0295364074
0.0766463280
0.0036911059
0.0015543530
0.0003799132
0.0002313258
0.0177460127
0.0008696698
0.0031485779
0.0043274360
0.0019948927
0.1242955327
0.0000638763
0.0804318190
0.0124574471
0.3574704528
0.0003634930
0.0102941347
0.0046978570
0.0010220362
0.0007572962
0.0001502388
0.3055071831
0.0000000116
0.0046670362
0.0000279498
0.0009531016
0.0000763970
0.0743517056
0.0010474116
0.0018660155
0.0080243349
0.0000806023
0.0021087022
0.0000249333
0.0036450017
0.0000094788
0.0137099987
0.0013848157
0.0065834564
0.0004528765
0.0332911387
0.0034282727
0.0112386569
0.0041949530
0.5531477332
0.0050830841
0.0036726836
0.0066675157
0.0043500476
0.1285136193
0.6395822167
0.0000030191
0.0725889578
0.0000091052
0.3930124342
0.0407245904
0.0618067198
0.2001381814
0.0057226829
0.0059394250
0.0007762331
0.0003825819
0.0120902658
0.0001511052
0.1095105484
0.0001230525
0.0007339022
0.0000916778
0.0081317406
0.1376814544
0.0143831745
0.0247850455
0.0000084261
0.0004966058
0.5786399245
0.0626363531
0.0006548477
0.0034924669
0.0006907758
0.0050135297
0.0358476713
0.0016121807
0.0064729676
0.0000069169
0.0001540129
0.0090006636
0.0024685594
0.0141521879
0.0000104705
0.0070030657
0.0060899523
0.0008494924
0.0207417421
0.0000902458
0.0870024338
0.0034456847
0.0098900711
0.0069164787
0.1432141513
0.4838389456
0.0000093007
0.0001727932
0.0000959278
0.0402504206
0.0093332762
0.0008729491
0.0000499917
0.0110624423
0.0257490203
0.0553606562
0.0004019364
0.2772512138
0.0164692644
0.1869658679
0.0276155174
0.0001101052
0.2431634218
0.0016471877
0.0201901812
0.0252490379
0.0001470757
0.0016165077
0.4775026441
0.0149357514
0.0001827591
0.0063248719
0.0159216411
0.0274497420
0.0074295052
0.0214237925
0.0125960112
0.0841926858
0.1443423182
0.0059519378
0.0136576127
0.0055328240
0.0004035520
0.0086718276
0.0004190253
0.0006507037
0.0071460600
0.0350601040
0.0084143141
0.0176893733
0.1369591504
0.0931152701
0.0004141357
0.0043610879
0.0000109630
0.0357673168
0.0092615876
0.0015961288
0.0160880052
0.0739114285
0.0253565311
0.0759652182
0.0079767574
0.0013791261
0.0000762973
0.0000137486
0.1238165200
0.1412286907
0.0012772001
0.0100045651
0.0077308291
0.0923766717
0.0035494149
0.0858283043
0.0159367844
0.0013825985
0.0004492497
0.0058728978
0.0008905063
0.0010115668
0.0003697960
0.0031148440
0.0096408157
0.0002099509
0.0212158002
0.0578495190
0.0066456255
0.0042951382
0.0003863758
0.2401256263
0.0318387859
0.1172125041
0.0006301666
0.0020982698
0.0000089129
0.0001427418
0.0935640484
0.0517952777
0.0113744205
0.0319485366
0.0096716322
0.0028996966
0.0201151557
0.0030399053
0.0002030617
0.1719700098
0.0002030973
0.0022051434
0.0148640694
0.0013249309
0.0006155164
0.0016375273
0.0021101616
0.5016722083
0.0477807596
0.0126652177
0.0000744630
0.0003258344
0.6207695603
0.0041223923
0.0000324666
0.0474506728
0.0009064003
0.1615784913
0.0001251574
0.3581294715
0.5692950487
0.2745762169
0.0000079531
0.0492909811
0.0066022412
0.0004254713
0.0002159268
0.6973842382
0.0014287123
0.0003411877
0.0298164915
0.1331909448
0.0000055875
0.0010485343
0.0042526964
0.0176640470
0.0053394306
0.0320247449
0.0085993204
0.0000659484
0.3968334198
0.0000334499
0.0008915964
0.0513824262
0.0032560907
0.0002255350
0.0011363199
0.0155645609
0.0317303576
0.0000390215
0.0016843587
0.0842706561
0.0016346041
0.0000424536
0.0878987610
0.0004239746
0.1633960158
0.0001593024
0.0065093068
0.0005758280
0.2821937501
0.0016272060
0.0041596554
0.0003526021
0.0082496237
0.0003390615
0.0249650870
0.0241476353
0.0019384357
0.0003316376
0.0010653462
0.0462782606
0.0008662901
0.0001419301
0.0017066532
0.0004632275
0.0179258212
0.0021545589
0.3571728170
0.0004965679
0.0031455753
0.6353796124
0.0052524745
0.0011995403
0.0349111967
0.0263114795
0.1587106586
0.0261064861
0.0260330141
0.0000155938
0.0004530285
0.0041681300
0.0257236287
0.0299044102
0.0019147304
0.0434683040
0.0000025230
0.0011045451
0.0039267889
0.0000195743
0.0001871371
0.0011174796
0.0085017467
0.0004855470
0.0000188899
0.0014024629
0.0002384335
0.0009410774
0.0018887520
0.0390656702
0.1299599558
0.0000141650
0.1346147358
0.0016454885
0.0357371196
0.0016982185
0.4395602345
0.0006658235
0.0002434240
0.2004209906
0.0827016681
0.0017558802
0.0205877945
0.1165251732
0.0052215517
0.0253726989
0.0425394773
0.0047493274
0.0004513184
0.0402682275
0.0282019917
0.0000172094
0.1576713026
0.0018855454
0.0054486236
0.0021444305
0.3450246751
0.0373587385
0.0220867731
0.0084027927
0.9414842725
0.0073975218
0.1278246343
0.0228119828
0.2024136484
0.0001164018
0.0002389925
0.0061609838
0.0048276410
0.0066775447
0.0253703259
0.4037800133
0.0000523624
0.5421386361
0.0006828620
0.0083550951
0.0165388230
0.0031103638
0.0603780597
0.0141172027
0.1683388799
0.0267861579
0.0000034760
0.0019528638
0.0021015592
0.0005486962
0.0097938227
0.0002125948
0.3127945364
0.0032399769
0.0025734480
0.0015903754
0.0974639207
0.0095103011
0.3018576801
0.0069208462
0.0013858824
0.0000025180
0.0153550580
0.0001742193
0.1232867241
0.0048973863
0.0072339112
0.0042379778
0.0135406032
0.0005140633
0.0690634400
0.0014412627
0.0212259442
0.1477762163
0.0332513489
0.0000097623
0.0008715438
0.0059704455
0.2256069481
0.0040840646
0.0226266645
0.0100540584
0.0055046044
0.0031537921
0.0708598867
0.0312319919
0.0338808522
0.0003114372
0.0219427887
0.3080311716
0.2298449278
0.0177073218
0.0001000964
0.0056336597
0.0051702247
0.0154656591
0.0162655991
0.0155113069
0.0587856583
0.0089647947
0.0028910185
0.0006208326
0.0146800466
0.0125218574
0.0135796089
0.0008701552
0.0006669692
0.1034115106
0.0007640266
0.0050803432
0.0035666141
0.0005396784
0.0066062147
0.0013580027
0.0167955980
0.0003386845
0.0034099161
0.1143460721
0.0010396304
0.0004569307
0.0567138977
0.0184155330
0.0000270408
0.0199959874
0.0162506606
0.0037965490
0.0000397588
0.0018026130
0.0001050496
0.0033951290
0.0347329304
0.0000538575
0.0001554886
0.0468239300
0.0003418962
0.0005127357
0.0230594259
0.0560459867
0.2866545320
0.2191574275
0.0000395905
0.0002134862
0.0006015833
0.0027691214
0.0158440378
0.0003105649
0.0024927445
0.0019411701
0.0002022713
0.0425813533
0.0768893883
0.0086562969
0.0011807171
0.0872274935
0.0039235093
0.0046191039
0.1084253788
0.0223920047
0.5674002171
0.0090522049
0.1043810397
0.0000976911
0.0168907456
0.0102934679
0.0147405136
0.0169565212
0.0122377239
0.0527393818
0.1178891510
0.0000682213
0.0001693153
0.0134536922
0.0149060348
0.0010366919
0.0043661301
0.0649951696
0.0968271941
0.2121047229
0.0312598348
0.0065360405
0.0327948220
0.0053576115
0.0140129719
0.0004919621
0.0006533733
0.0000013975
0.0126173543
0.0284590237
0.0002651863
0.0000150906
0.0005590282
0.0000005753
0.0033970466
0.0000068344
0.0018390530
0.0135195702
0.0272401273
0.0772799924
0.0177246723
0.0062445165
0.0274498742
0.0035373345
0.0070350440
0.0005459324
0.0023013777
0.0095486464
0.5451311469
0.0231723897
0.0007021597
0.0008526174
0.0017326715
0.0000057646
0.0124077657
0.0000384662
0.0003331256
0.0130469520
0.0270407218
0.0013359218
0.0000853132
0.0006723653
0.0037131240
0.0002836834
0.0139239617
0.0008514495
0.0499525294
0.0002980454
0.0132333469
0.0000199991
0.0333586521
0.0064174253
0.0061646025
0.0007589969
0.0000084597
0.0139398333
0.0000036105
0.0023381771
0.0084416987
0.1047164500
0.0001878417
0.1734402180
0.0047233319
0.0092395535
0.0000615622
0.0009070146
0.0002421580
0.3012265265
0.0268787891
0.0022938978
0.0085009430
0.0037375414
0.0008577073
0.0001648281
0.0001546576
0.0225692075
0.0033346652
0.0000789068
0.0033238649
0.0020923961
0.0330708809
0.0000322218
0.0003586072
0.0000379769
0.0610207841
0.0019861204
0.0024651461
0.0043477532
0.0572627820
0.0004398195
0.0070423125
0.0015431644
0.0122291902
0.0510162413
0.0152507406
0.0002790529
0.0009737014
0.2815169096
0.0169276055
0.0056799441
0.0049176151
0.0014756006
0.0004817553
0.0004801434
0.0367661566
0.0003141254
0.0054657687
0.0175175313
0.0007148542
0.0886450186
0.0019409852
0.0017952285
0.0225787815
0.0013062727
0.2392702699
0.0002864286
0.0000466593
0.0018830298
0.0024081476
0.0020051368
0.0001949257
0.0043656677
0.0674086958
0.2072888464
0.0002515679
0.1318521798
0.0066042501
0.0176235661
0.0000664528
0.0000871578
0.0023132514
0.0007895217
0.0041018589
0.4719879627
0.2604433894
0.0027027887
0.0002405465
0.0195127930
0.0094788345
0.0212686826
0.0215894021
0.2868769169
0.0452876948
0.0351890177
0.0014805327
0.0029546928
0.0029790986
0.0008466108
0.0173508935
0.0217380542
0.0002246842
0.0870436504
0.0068753660
0.0934102312
0.0202590730
0.0570733063
0.0008271841
0.0072478200
0.0752263442
0.0202947762
0.0000033039
0.0294990707
0.0083926003
0.0283307619
0.0000098098
0.0479869582
0.0099177854
0.0005379277
0.0000465736
0.0063579804
0.0000211362
0.0087574292
0.4084525108
0.0004654124
0.0072982432
0.1130651981
0.0006006134
0.0284221079
0.0151926512
0.0173944980
0.1332079917
0.0025273543
0.0135236792
0.0004137846
0.0354571119
0.0000312858
0.0774998888
0.1461921483
0.0010784001
0.0109883780
0.0012700387
0.1319487989
0.1355143189
0.0000296740
0.1471947730
0.0437434874
0.0720008984
0.0084276889
0.0138995685
0.0004605365
0.0003449301
0.0061361464
0.0003718446
0.0001463690
0.4519517124
0.0189599618
0.0826986283
0.2774427831
0.0016807809
0.0340842828
0.0177303851
0.0273867566
0.0013579192
0.1696204990
0.0029304856
0.0036458485
0.0208371915
0.2932718098
0.0000361653
0.4034431577
0.0372707769
0.0008720945
0.4461388588
0.0216194540
0.0732496232
0.0884568170
0.0085924007
0.0305534452
0.0083841430
0.0034246107
0.0001212443
0.0019309941
0.0380895101
0.0042393180
0.0066662813
0.0085022142
0.0001790775
0.0000614727
0.0187328216
0.0483876131
0.0013789666
0.0978397056
0.2878034115
0.0226540435
0.0020804775
0.0000103346
0.0029352838
0.0005346075
0.0264494829
0.0725101754
0.0560468920
0.0771888345
0.0125978552
0.0000515552
0.0760439634
0.0005292870
0.0183898471
0.0850251913
0.0015692180
0.0019849630
0.0037744113
0.0176823251
0.0142211486
0.1341611892
0.2285985351
0.0199635811
0.0580382310
0.0008086190
0.0656058118
0.0000663409
0.0011510772
0.0053414488
0.0052041342
0.0000376976
0.0350276604
0.0227570981
0.0010696861
0.0154517824
0.0029447596
0.0000136981
0.0013033791
0.0000195845
0.0241200328
0.0197600033
0.0011927277
0.0095993606
0.0001183538
0.0000417431
0.0025499444
0.2249202132
0.4928402305
0.0002958942
0.0009323299
0.0132297976
0.0006259559
0.0023899374
0.1973511279
0.0000755214
0.0001330748
0.0018785389
0.0000286209
0.0333312638
0.0001803336
0.0015205352
0.0802923739
0.0007423189
0.0039547835
0.0000002822
0.0000059383
0.0000931611
0.0002970967
0.0001597490
0.0048626619
0.0015241092
0.0011731213
0.4753085375
0.0037356452
0.0030619013
0.0000140658
0.6453216076
0.0373766869
0.0026994299
0.0000400009
0.5530388951
0.0020946874
0.2567781508
0.0044370289
0.0007242978
0.0024308076
0.0000005462
0.0852952674
0.0037969744
0.3712225854
0.0000711671
0.0008880605
0.1186552718
0.0087423669
0.0112024648
0.0000675357
0.0548303425
0.0813561678
0.0002609315
0.0055656927
0.0013737096
0.0025121085
0.0066988859
0.1660143584
0.0065112528
0.0019106924
0.0142244911
0.0171545614
0.0125367902
0.0387362391
0.0018049584
0.0068563870
0.0097821672
0.0092640081
0.0649553835
0.2822176516
0.0037400655
0.0675730854
0.0000065300
0.0038425697
0.0165634342
0.0000069879
0.0035038581
0.0424093083
0.0002346803
0.0004116153
0.0106809214
0.0000501742
0.0004317650
0.0791252032
0.0000138385
0.0005774626
0.0004219248
0.0064836787
0.0000003591
0.0013544738
0.1187856570
0.1616431028
0.0658178553
0.0581184626
0.0046029827
0.0216284525
0.0010308337
0.0180937406
0.0766510516
0.0058167661
0.0000778928
0.0414251611
0.5546496511
0.0004904989
0.0235370938
0.0000184463
0.1189073324
0.0121594220
0.0003585932
0.0000999886
0.0257432237
0.0001689819
0.0031452901
0.0380729698
0.0000063959
0.0004026368
0.1754543632
0.0000855443
0.1595258415
0.0268353019
0.0002607484
0.0366393104
0.0025071357
0.1897657663
0.0847086683
0.0032618481
0.0011183753
0.0293860119
0.0004086145
0.0197321754
0.0441083685
0.0047604674
0.0010641792
0.0030546044
0.0136170369
0.0033562528
0.0031664260
0.0838915557
0.0021921853
0.0003227354
0.0000295097
0.0077256844
0.0055120802
0.0000235759
0.0056091449
0.0000135192
0.4741221964
0.0019196275
0.0006434044
0.0620226786
0.0091048870
0.0132140331
0.0001318123
0.1108365059
0.0007060636
0.2489724308
0.0475457869
0.0066786138
0.0513859466
0.1242652163
0.9224235415
0.0064885681
0.0000763140
0.0062963017
0.0024882690
0.0003659230
0.3984780014
0.0067125685
0.0052032256
0.1376899779
0.0657146275
0.0535057969
0.0004936846
0.0795201659
0.0225530025
0.0010450877
0.0027952085
0.0002643164
0.0042040162
0.0060827034
0.4457236230
0.0116572781
0.0003082799
0.0207927674
0.0003646564
0.0000893780
0.0337232798
0.0015178618
0.0158810560
0.0004932231
0.0188225769
0.0017929707
0.0002920228
0.0072642188
0.0062298598
0.0013092863
0.0004295479
0.1435952932
0.0036888742
0.0019562785
0.0943981037
0.0042262762
0.5112085342
0.0177189708
0.0003362257
0.0001620871
0.2158502638
0.0270046443
0.0129438834
0.0045147231
0.0003269456
0.0151848346
0.0024886203
0.0174495950
0.0056444211
0.1619047076
0.6350085139
0.0201341417
0.0434540398
0.0160995647
0.0000010519
0.0020309563
0.0534735993
0.0214597881
0.2902135551
0.0177500620
0.0008099705
0.0063106706
0.0049976255
0.0029951190
0.0000163643
0.0077940505
0.1391095221
0.0768070891
0.0217375867
0.0687868893
0.0637236461
0.0017657366
0.1134949997
0.0000149950
0.0192029439
0.0029078894
0.1206647307
0.0052265972
0.1670845151
0.2467461824
0.0009036487
0.0027250201
0.0034680776
0.0241668578
0.0531601086
0.0000456834
0.0000032532
0.0018690403
0.0000141217
0.0000304570
0.0033562095
0.0418277010
0.0007832533
0.0017523482
0.0000271198
0.0034382395
0.0310092848
0.0689475164
0.0196016748
0.0000776956
0.0001831206
0.0003447477
0.0071146423
0.0058562201
0.0115373414
0.1846428216
0.1876761913
0.0162191540
0.1188814491
0.0086130556
0.0002726795
0.0253060758
0.0569691733
0.0000133125
0.0001404213
0.0001209240
0.0575908199
0.0632706955
0.0024811539
0.0016180974
0.0239885524
0.0038845337
0.0001028584
0.0004124933
0.0012056322
0.3921970129
0.0037238556
0.0007139171
0.0005881420
0.3563149869
0.0009458339
0.0185264032
0.0000043407
0.0246673040
0.0009210396
0.0003179726
0.1432131976
0.0138675859
0.0038476216
0.0000509938
0.0177559312
0.0000530798
0.0006133568
0.0008802275
0.0000525931
0.0232313946
0.0005617973
0.0002303485
0.0001340542
0.0003659129
0.0109501788
0.0100694615
0.0014661882
0.0000076897
0.0006762759
0.0230613258
0.0010129209
0.0095274560
0.0211447943
0.0211143084
0.0001507027
0.1720854491
0.0054078205
0.2554889321
0.0013853083
0.0632298961
0.0002749431
0.0398822613
0.0002630795
0.5225219727
0.0003637124
0.0128130149
0.0871876180
0.0020835409
0.0011469988
0.4499747753
0.0004019435
0.0000103300
0.0000172240
0.1259102523
0.1305151135
0.0006681427
0.0304684546
0.0222405773
0.0089230398
0.0622882135
0.0019615570
0.0562781282
0.0258718356
0.0027871246
0.0011596847
0.0000482001
0.0414487049
0.0127818035
0.2440187186
0.2211863697
0.0071806340
0.0074320193
0.0149649074
0.0248458255
0.0002899363
0.0359255411
0.0079589710
0.0021271424
0.0044965753
0.0048356517
0.0010923408
0.2463313788
0.0001929161
0.0164549500
0.0100853965
0.2666429281
0.0002726075
0.0000630485
0.0037375626
0.0008570575
0.0001343180
0.0447660573
0.0072545409
0.0009796465
0.0096744234
0.0096375654
0.0147773325
0.0022005015
0.0000210687
0.0000946340
0.0002278938
0.0040665828
0.0005116796
0.0111981397
0.0004398180
0.0602946728
0.0216037836
0.0680099800
0.0352410525
0.0860639513
0.0000308599
0.0003361382
0.0000706106
0.1335132718
0.1011249647
0.0005621556
0.0003861236
0.0059163193
0.0095478753
0.0031616164
0.0003175260
0.0000069070
0.0001676315
0.0529906489
0.0073858541
0.0392951854
0.0000703218
0.0259160679
0.0000028314
0.0072528380
0.0011981461
0.0030750188
0.0000203650
0.0402904414
0.0017004869
0.0063779568
0.0096584912
0.0004421122
0.0004261341
0.0076076295
0.0001423287
0.0498651676
0.0070036459
0.0061152391
0.0075532831
0.0322772786
0.0011178976
0.0054378668
0.1623933315
0.0023635095
0.0933562219
0.0011050034
0.0004706073
0.0039178967
0.0065537938
0.0012358769
0.0724333152
0.0177735128
0.0000321636
0.3870764673
0.0011078086
0.2156043500
0.0007471855
0.0004103902
0.0530959405
0.0010959661
0.0003246855
0.0118977884
0.1220031977
0.0086624213
0.0007101934
0.0046714041
0.0416374952
0.0018795379
0.0000387170
0.0006604166
0.0010625103
0.3605445325
0.0021191260
0.0183637068
0.0290447436
0.0007057511
0.0148712974
0.0009228772
0.0070384629
0.0160278231
0.0057323631
0.0297597703
0.0000939957
0.0058172424
0.0096602943
0.0000151934
0.0768091977
0.0568369180
0.0003214969
0.0039736112
0.0004391340
0.0005793828
0.0788436681
0.0014169167
0.0016357282
0.0004040275
0.0005860464
0.0583221987
0.0222364794
0.0002067039
0.0041686031
0.0001597400
0.0191671532
0.0000545246
0.1824160516
0.0060770325
0.0115768062
0.0008983450
0.0014612288
0.1551881284
0.0231966320
0.0082191490
0.0003841480
0.0000622124
0.0269577708
0.0145032592
0.0004130947
0.0168420244
0.0018305435
0.0681144223
0.0204595216
0.0418426283
0.5665710568
0.0018725708
0.5677992105
0.0078871585
0.0000647704
0.8502848148
0.0107593546
0.0026870600
0.0086205546
0.0012427530
0.0156688411
0.0069241440
0.0036121635
0.5193207860
0.0163604654
0.3734020591
0.0670792386
0.1204300746
0.0001557881
0.0213770550
0.0788493454
0.0501969904
0.0013084729
0.0211627930
0.2922511697
0.0378225259
0.0006167461
0.0010752323
0.0000395643
0.0392002128
0.0034991247
0.0260587428
0.0001039090
0.0001395047
0.0000691886
0.0069904202
0.0569880046
0.0371590145
0.0022841839
0.0169006232
0.1122014150
0.0003838075
0.0056033423
0.0000735844
0.0004371331
0.0531028137
0.0000016282
0.0170760546
0.0017339257
0.0511516519
0.0019240390
0.0401679650
0.0069781840
0.0003650057
0.0000588736
0.0024417799
0.1312750131
0.0034492498
0.0240018312
0.0093704583
0.0003168272
0.0000006401
0.7285084128
0.0007627902
0.0023417382
0.0021482704
0.0345681235
0.0115300836
0.0086903432
0.9747762680
0.0000780152
0.0008864685
0.0755482465
0.0386477187
0.0020339757
0.0000016456
0.0008181235
0.3176523149
0.0020131904
0.0221648123
0.0138339978
0.1703165323
0.0013376303
0.0007943450
0.0004363514
0.0008723313
0.0001796273
0.0017681371
0.2597690225
0.1588059664
0.0261009391
0.0077214227
0.0021181875
0.0006820080
0.0011756131
0.0000005803
0.0000436897
0.0032684701
0.0390280187
0.0204112604
0.0001197514
0.4738566279
0.1950496882
0.0001210852
0.0005491935
0.0212554839
0.0069242585
0.0994878113
0.0205779038
0.0001208283
0.0000184365
0.0023491369
0.0010285303
0.0174632128
0.0002827616
0.0281307213
0.0053348714
0.0026885709
0.0619450174
0.0127237262
0.0017819147
0.0001061173
0.0122447815
0.0183333270
0.0712541193
0.0000016398
0.0054854103
0.0021642735
0.0245745890
0.0001042216
0.0066189067
0.0018801688
0.0941245630
0.0003194901
0.0067540426
0.0000573815
0.0570638031
0.0000386989
0.1540843546
0.0001240402
0.0016798122
0.0000257218
0.0365449376
0.0101354728
0.0014013088
0.0000923372
0.0003195547
0.0000042773
0.0023294131
0.0031497004
0.0368257277
0.0015282407
0.6209174395
0.0031597205
0.1796457916
0.0046395087
0.2744245827
0.0004639666
0.0012265911
0.0880993083
0.0002033609
0.0002428885
0.0048044990
0.0019490042
0.3771767914
0.0100700594
0.0000572078
0.0087174308
0.0432299748
0.0442917161
0.5992285609
0.0000232922
0.0332094803
0.0037263562
0.0001623195
0.5466835499
0.0040140240
0.0285357144
0.0056865942
0.0003802900
0.0519931242
0.0007121663
0.0077597215
0.0021743174
0.6904150844
0.0001442222
0.1512552202
0.0057895295
0.0709445253
0.0000012055
0.0214036573
0.0234260093
0.0018955582
0.0002030840
0.0097194947
0.0054780738
0.2399306446
0.0038416898
0.4783297777
0.0008354835
0.0247117691
0.0155988848
0.0018390808
0.0015715850
0.0000112385
0.0588390306
0.0815348551
0.0000699850
0.0000111436
0.0098856874
0.0122076385
0.0002522384
0.0890621543
0.0093829893
0.0001141403
0.0163360666
0.0401014239
0.0037153424
0.0211742539
0.0768675357
0.0988553986
0.0114540961
0.0155761503
0.0737220198
0.0087377690
0.3498349488
0.0111843143
0.0000955962
0.0017954081
0.0019644557
0.0017571102
0.0019989510
0.0209820792
0.0338548236
0.0014723045
0.0755398348
0.0094998898
0.0002868347
0.0031002227
0.0000006274
0.0770472810
0.0254701246
0.0001150415
0.4158870280
0.0365455858
0.0102049066
0.0000406483
0.0035081713
0.0016077552
0.0000026183
0.0004674452
0.0003528055
0.0240240190
0.0770095661
0.0000001997
0.0228679869
0.0000334744
0.0001847967
0.0050000348
0.0034041277
0.0434882529
0.4961922169
0.0073144259
0.0017719411
0.0056624743
0.0022565392
0.0004190910
0.0398870111
0.0061391219
0.0122049991
0.0229892358
0.0411022194
0.0001576506
0.0033333628
0.0087495148
0.0015480882
0.2446631193
0.0004292788
0.0003657033
0.0001035574
0.0025386901
0.0496905334
0.0002446285
0.0003536622
0.0021918714
0.0011946640
0.0107002025
0.0216260534
0.0094840201
0.0000011933
0.0007911907
0.0003486365
0.0000150658
0.0093535176
0.0000055484
0.0546551272
0.1620974243
0.0340782478
0.1107676178
0.0024677222
0.0264091883
0.1969451457
0.1773305833
0.0002109707
0.0000600313
0.0883227587
0.1109037399
0.0060367119
0.0004001569
0.0009151348
0.0006286198
0.0008508081
0.0048323148
0.2295275033
0.0000119305
0.0000644512
0.0236073975
0.2253643721
0.0002740468
0.1845969111
0.0264292452
0.0006251402
0.0046709357
0.0582661927
0.0202051289
0.0188135374
0.0014799456
0.4111085832
0.0040496248
0.0261582360
0.0323476382
0.0250201002
0.0071248109
