0.0186195150
0.0031699347
0.0112131182
0.0206270069
0.0166398436
0.0272379871
0.0027486898
0.0631989092
0.0255651716
0.0069236681
0.0292427987
0.0222386122
0.0209410843
0.0285211038
0.0066636135
0.0114767132
0.0184583813
0.0000806210
0.0029671947
0.0206507556
0.0685498044
0.0216070730
0.0350613222
0.0454308577
0.0155267669
0.0000140431
0.0189676769
0.0539245605
0.0121953571
0.0177546013
0.0208998267
0.0329959802
0.0121055916
0.0249777213
0.0205985159
0.0195982344
0.0325759836
0.0000447896
0.0166017469
0.0055630784
0.0074758739
0.0007006283
0.0592555404
0.0379732475
0.0543574505
0.0062501766
0.0255678836
0.0637270734
0.0003590281
0.0153516475
0.0210576709
0.0094464971
0.0340574868
0.0837367699
0.0089647360
0.0601805635
0.0060502975
0.0000031031
0.0130111361
0.0149663845
0.0148069067
0.0080158487
0.0086462256
0.0625340790
0.0122935120
0.0135593740
0.0412343331
0.0065353229
0.0466089658
0.0177451242
0.0217817444
0.0285417233
0.0258550327
0.0060828561
0.0314450264
0.0047303354
0.0116197551
0.0086343316
0.0390506610
0.0465583131
0.0032632374
0.0225773752
0.0863195807
0.0199524574
0.0079432419
0.0268351845
0.0223911628
0.0219081696
0.0240370873
0.0200266652
0.0540915877
0.0089490404
0.0098234853
0.0359241441
0.0823687911
0.0178756826
0.0494245216
0.0704135224
0.0084119318
0.0379089527
0.0190521870
0.0340729281
0.0193336066
0.0178032797
0.0150554003
0.0128875775
0.0017548960
0.0220390521
0.0093737263
0.0356297679
0.0303083900
0.0153718721
0.0199224185
0.0190142617
0.0092077209
0.0173896812
0.0067291791
0.0133540984
0.0398557857
0.0022970254
0.0329901986
0.0063932170
0.0854982659
0.0323532969
0.0000666250
0.0202038120
0.0064027472
0.0085929772
0.0134634292
0.0093201417
0.0209200941
0.0203954447
0.0203146618
0.0062621650
0.0016845152
0.0301877782
0.0748805776
0.0418684743
0.0002135798
0.0374541730
0.0081652682
0.0248822067
0.0527562797
0.0726152956
0.0098358123
0.0050253086
0.0038543504
0.0318866409
0.0173977669
0.0715106279
0.0229366645
0.0568143278
0.0376294963
0.0456018858
0.0000821546
0.0216530859
0.0158444177
0.0099889114
0.0185682159
0.0128415385
0.0144135160
0.0060126316
0.0130156195
0.0273266155
0.0153866019
0.0301689655
0.0091192964
0.0000007675
0.0191467386
0.0081560211
0.0000069175
0.0107619381
0.0108426055
0.0162089542
0.0174011905
0.0572584532
0.0032051941
0.0418918543
0.0251642000
0.0045833942
0.0373684503
0.0285474360
0.0196273532
0.0210728422
0.0071312166
0.0345647074
0.0099487212
0.0505690277
0.0162503105
0.0049205977
0.0359961540
0.0070965253
0.0080671366
0.0071871802
0.0010471261
0.0070219785
0.0373392366
0.0180472918
0.0756440014
0.0057275551
0.0192070454
0.0340702906
0.0000868443
0.0094301626
0.0319583789
0.0098303529
0.0108292978
0.0315625258
0.0669201612
0.7862570286
0.0078866435
0.0336221568
0.0192025527
0.0082539748
0.0210241098
0.0044092340
0.1148879156
0.0317835324
0.0202471260
0.1082245111
0.0370386057
0.0496801287
0.0236328114
0.0228047650
0.0164469816
0.0939466208
0.0333851762
0.0261715651
0.0162227973
0.0039484305
0.0399348363
0.0263679884
0.0366377048
0.0290630851
0.0284210779
0.0217935350
0.0301837008
0.0351678878
0.0210245792
0.0000000292
0.0193562582
0.0671952069
0.0058232634
0.0094573377
0.0147903040
0.0111407293
0.0192327164
0.0141545301
0.0369863920
0.0065993462
0.0202063806
0.0367334858
0.0043562022
0.0076026167
0.0212039072
0.0056630946
0.0474820100
0.0121000959
0.0262682308
0.0074039144
0.0085222749
0.1273880303
0.1173853949
0.0183617771
0.0150768831
0.0213376433
0.0212354008
0.0685816035
0.0362925045
0.0265269596
0.0418095104
0.0884562209
0.0075976104
0.0890347958
0.0052476558
0.0085415877
0.0123950159
0.0160442032
0.0256359708
0.0363380983
0.0755060837
0.0156225376
0.0377268717
0.0023106029
0.0268480014
0.0512493327
0.0045144469
0.0038256920
0.0087625803
0.0494542792
0.0082429908
0.0125982352
0.0123998038
0.0447022133
0.0251531582
0.0340339653
0.0393852815
0.0097868750
0.0192825738
0.0115903737
0.0197925624
0.0294978432
0.0251720138
0.0144973993
0.1390599310
0.0134309651
0.0657724813
0.3385669291
0.0082463911
0.0425207838
0.0166017786
0.0145128593
0.0039299754
0.0172641315
0.0147786504
0.0217177048
0.0199830644
0.0325842798
0.0000405533
0.0396066979
0.0454563424
0.0203588177
0.0003073466
0.0112338616
0.0109069049
0.0211176258
0.0193822309
0.0096453829
0.0167853087
0.0068907766
0.0230967980
0.1782528907
0.0286700781
0.0457205772
0.0125332950
0.0110923117
0.0089477887
0.0841139182
0.0134298271
0.0333777294
0.0227330867
0.0000798181
0.0176633261
0.0203225967
0.0027320825
0.0049999473
0.0091786208
0.0172834601
0.0119018536
0.0117152315
0.0120637603
0.0123039382
0.0139527256
0.0422703624
0.0052011157
0.0296015348
0.0071786935
0.0037899935
0.0207062997
0.0306825601
0.0243730657
0.0843260512
0.0231980216
0.0146038411
0.0204438977
0.0183238517
0.0000101009
0.0070586461
0.0236443896
0.0058741784
0.0562123694
0.0081948871
0.0000506509
0.0550646149
0.0004495331
0.0609283037
0.1875157058
0.0130172856
0.0320354700
0.0126562584
0.0764463320
0.0247965287
0.0109920893
0.1394444704
0.0006925690
0.0219609141
0.0313139521
0.0047206469
0.0205733255
0.0702515170
0.0156213352
0.0421893597
0.0972866789
0.0037216682
0.0054405108
0.0188583862
0.0247918479
0.0095908055
0.0205660239
0.0086219730
0.0428410880
0.0336975344
0.0270488095
0.0172164626
0.0050023771
0.0306689478
0.0139934048
0.0169012882
0.0094845891
0.0473683588
0.0118068988
0.0082964730
0.0404172502
0.0068666586
0.0180619676
0.0143309468
0.0712289810
0.0681180060
0.0208316706
0.0073353504
0.0163310338
0.0124878641
0.0645167232
0.0505893752
0.0164927691
0.0258842595
0.0329756588
0.0242793094
0.0213488378
0.0189876650
0.0076003717
0.0113950986
0.0168651026
0.0055258702
0.0257551093
0.1129596755
0.0213434994
0.0298236664
0.0428430438
0.0929161459
0.0078264456
0.0086580208
0.0516825765
0.0113313105
0.0247603711
0.0115621323
0.0411459729
0.0014103538
0.0261072610
0.0124539444
0.0106757786
0.0449762009
0.0139142293
0.0392530784
0.0060804235
0.0275510941
0.1696695238
0.0257254764
0.0130267730
0.0940623656
0.0424787924
0.0053847055
0.0082334531
0.0244015642
0.0080175325
0.0155051192
0.0070933686
0.0160136390
0.0583140850
0.0141871963
0.0160726234
0.0590313822
0.0043446771
0.0259403940
0.0091266762
0.0333214067
0.0484456122
0.0341710709
0.0180861391
0.0223082285
0.0172977839
0.0441780947
0.0172799286
0.0047323829
0.0026857851
0.0443397388
0.0190708749
0.0384738222
0.0090136528
0.0336589925
0.0226636101
0.0055197729
0.0735622868
0.0147136822
0.0257492699
0.0121262744
0.0097793546
0.0000000105
0.0376592092
0.1242887825
0.0487712622
0.0173300747
0.0417094231
0.0109723862
0.0594360232
0.0239049979
0.0169430133
0.0087938644
0.0149254277
0.0146430628
0.0087983543
0.0368040800
0.1582823545
0.0443756394
0.0156224798
0.0154917017
0.0208894275
0.0236977730
0.0149258198
0.0300147086
0.0027147129
0.0065940837
0.0182473604
0.0054604551
0.0380893610
0.0634561852
0.0214418080
0.0053348616
0.0241651647
0.1391346753
0.0225504953
0.0298886374
0.0294251125
0.0395001844
0.0193950702
0.0120021757
0.0244941842
0.0148436520
0.0536566190
0.0153296068
0.0484689139
0.0199738778
0.0047775046
0.0240619760
0.0720665455
0.0171127897
0.0284252390
0.0035104041
0.0670004785
0.0513049141
0.0063435039
0.0041855955
0.0401130989
0.1252863854
0.0084124254
0.0140578430
0.0474918410
0.0236690603
0.0411266387
0.0525322184
0.0183682311
0.0205835514
0.0784376860
0.0381807312
0.0138297705
0.0167485755
0.0309725590
0.0302988756
0.0257424302
0.0103726834
0.0227544531
0.0199360549
0.0338538364
0.0337143093
0.0273449216
0.0200164113
0.0343387052
0.0651090965
0.0159261767
0.0148736378
0.0003360557
0.0087556913
0.0236102883
0.0076643410
0.0052144951
0.0235496238
0.0281395596
0.0209406540
0.0089674462
0.0548813045
0.0493098572
0.0140278684
0.0292213112
0.0177703910
0.0159354452
0.0172935054
0.0080663739
0.0339412838
0.0000089092
0.0124893468
0.0265419874
0.0262017678
0.0674792230
0.0035750754
0.0270922594
0.0123722255
0.0063598631
0.0183402933
0.0269211028
0.0783730075
0.0540376976
0.0246724617
0.0041542626
0.0188420527
0.0178393610
0.0288844965
0.0097842682
0.0100661814
0.0901106894
0.0182248242
0.0231129006
0.0290774051
0.0088304309
0.0202807896
0.0106749926
0.0102360202
0.0109929601
0.0215190630
0.0105234394
0.1618846655
0.0732369423
0.0362319201
0.0173945706
0.0110504255
0.0243902151
0.0481395796
0.0132411318
0.0138856797
0.0073314630
0.1104357541
0.0114234528
0.0219351202
0.0178274270
0.0814813673
0.0073759886
0.0195984077
0.0073928772
0.0117209759
0.0121358288
0.0505714118
0.0201909021
0.0148703121
0.0061203437
0.0122209098
0.0292838681
0.0332164317
0.0576321483
0.0143102417
0.0072255535
0.0530520231
0.0195682421
0.0246463157
0.0056757284
0.0203397665
0.0177016575
0.0317074321
0.0797044858
0.0228151847
0.0287640449
0.0183138028
0.0201191455
0.0115418117
0.0100531513
0.0704557374
0.0130784214
0.0122375917
0.0229523815
0.0133924270
0.0145343691
0.0297473390
0.0375500768
0.0223694630
0.0369827263
0.0186875295
0.0070030657
0.0514615662
0.0380284712
0.0271619819
0.0156701282
0.0000046301
0.0460116379
0.1159478351
0.0085993977
0.0240828153
0.0038683414
0.0064178114
0.0432948060
0.0283054356
0.0200414285
0.0300456528
0.0151366768
0.0088374456
0.0246539246
0.0130760567
0.0225179791
0.0118294191
0.0486535355
0.0164621994
0.0084345844
0.0199623443
0.0001595697
0.0326682590
0.2114737779
0.0093762064
0.0450839773
0.0108329961
0.0219933428
0.0445594043
0.0225515459
0.0178767871
0.1387644708
0.0073342952
0.0206768103
0.0185800679
0.0084357178
0.0110557619
0.0332897790
0.0213321075
0.0158766452
0.0319296531
0.0124748871
0.1321160942
0.0159716774
0.0149474852
0.0041334517
0.0162756983
0.0253468752
0.0551191270
0.0000002598
0.0094665969
0.0122131305
0.0219658706
0.0164520722
0.0169069301
0.0096839024
0.0332913771
0.0119652962
0.0002832656
0.0238153487
0.0770176500
0.0585704111
0.0417343564
0.0006342905
0.0079580750
0.0111696180
0.0193570517
0.0157933421
0.0163272787
0.0017450133
0.0475619547
0.0105579933
0.0130209373
0.0126672043
0.0164208058
0.0076021412
0.0346379094
0.0309494995
0.0554865301
0.0084146364
0.0399698056
0.0113411006
0.0116616692
0.0204056613
0.0092921648
0.0112502724
0.0197115373
0.0382766724
0.0178510882
0.0085830055
0.0142076984
0.0147870267
0.0466243327
0.0349072292
0.0187402684
0.0144115398
0.0000000005
0.0057271314
0.0298709441
0.0116188573
0.0116685294
0.0338019058
0.0000000030
0.0320917070
0.0167898647
0.0748989433
0.0106098643
0.0452676825
0.0158185922
0.0052163261
0.0165604446
0.0643962994
0.0288687740
0.0160081089
0.0279773213
0.0000195444
0.0147047257
0.0037459473
0.0148072680
0.0130404644
0.0360038914
0.0123185031
0.1668270379
0.0000941719
0.0197587330
0.0402744189
0.0152974240
0.0167315975
0.0001108228
0.0195501372
0.0000010473
0.0154040065
0.0163110979
0.0416544154
0.0182560775
0.0091978945
0.0147239994
0.0117297713
0.0227507837
0.0223587882
0.0430026539
0.0055580684
0.0072005992
0.0063115680
0.0246652104
0.0289962068
0.0003884483
0.0101262862
0.0131775970
0.0297787767
0.0447410829
0.0616209581
0.0117935827
0.0358723924
0.0297747757
0.0255475510
0.0240276922
0.0144393882
0.0670248047
0.0131333601
0.0249509774
0.0305296537
0.0132229524
0.0202787779
0.0265139099
0.0039906688
0.0390861072
0.0095802667
0.0371253006
0.0219039265
0.0477833711
0.0429796614
0.0264846329
0.0059167007
0.0312698931
0.0092050936
0.0199173559
0.0197290536
0.0184715539
0.0003840606
0.0107013332
0.0153461425
0.0273499973
0.0114887943
0.0050825272
0.0032823011
0.0123148607
0.0084218495
0.0195964389
0.0998140052
0.2151652128
0.0853369683
0.0133674750
0.0108455122
0.0144225704
0.0269878358
0.0560833961
0.0132797156
0.0755119398
0.0225334335
0.0416802354
0.0077268542
0.0127403121
0.0081410529
0.0086291572
0.0394346006
0.0132320644
0.1597552598
0.0058808429
0.0067055970
0.0194504298
0.0147460960
0.0663799718
0.0304441303
0.0222292412
0.0049318364
0.0188476257
0.0206295140
0.0070026154
0.0308944006
0.0133686559
0.0114795268
0.0421304330
0.0203719083
0.0241615903
0.0456006452
0.0179520231
0.0068101790
0.0103904558
0.0100079328
0.0179416519
0.0116517805
0.0059861182
0.0219038799
0.0042799395
0.0067337058
0.0151429344
0.0112988921
0.0189663265
0.0105017526
0.0157292243
0.0317366049
0.0881541744
0.0502784327
0.0216001365
0.0361400582
0.0627714917
0.0089676334
0.0314648412
0.0180513486
0.0624306686
0.0174003672
0.0106126284
0.0115781641
0.0134898536
0.0114552239
0.0053539127
0.0219476447
0.0080714263
0.0360423140
0.0343665443
0.0117890649
0.0050803772
0.0273611601
0.0462103859
0.0180299301
0.0099091409
0.0071355016
0.0186055433
0.0158104878
0.0340182967
0.0267404001
0.0251054037
0.0154425576
0.0126113854
0.0539513230
0.0306725763
0.0220646765
0.0001102817
0.0107037760
0.0028553132
0.0318346359
0.0463058054
0.0069105010
0.0750226006
0.0113736540
0.0597752482
0.0266352370
0.0105665047
0.0128326686
0.0257603731
0.0075970637
0.0331817977
0.0196994171
0.0273807682
0.0435934700
0.0319596156
0.0135545023
0.1065664217
0.0046958174
0.0005491009
0.1025444344
0.0172094610
0.0054979967
0.0249025319
0.0568668842
0.0381515622
0.0070646917
0.0096764788
0.0119715901
0.0103676524
0.0409168825
0.0283210743
0.0171101913
0.0104896901
0.0447363555
0.0273602474
0.0690606311
0.0277967118
0.0460584573
0.0074205715
0.0401176922
0.0003874335
0.0130330520
0.0162570179
0.1117790490
0.0077979704
0.0113349212
0.0336546488
0.0049404744
0.0247750208
0.0000207011
0.0036539929
0.0445899069
0.0099146431
0.0206072908
0.0108253546
0.1328741461
0.0403244793
0.0316886976
0.0230916776
0.0053509781
0.0636678040
0.0389231034
0.0075808023
0.0278507806
0.0236032568
0.0197305288
0.0458712727
0.0116033806
0.0503844619
0.0132296989
0.0050558420
0.0527995303
0.0347251408
0.0280784369
0.0170245972
0.0615195706
0.0275474507
0.0090287440
0.0423344187
0.0281075481
0.0043791109
0.0224665664
0.0015934131
0.0177615955
0.0048948424
0.0212403573
0.0169004966
0.0059720837
0.0115261339
0.0306406654
0.0045831851
0.0218618307
0.0171133671
0.0208623130
0.0111764222
0.0000000244
0.0065225922
0.0160028841
0.0075473986
0.0286734905
0.0450389981
0.0480872579
0.0306813680
0.0127008837
0.0270385202
0.0212293360
0.0295064393
0.0342801251
0.0174595658
0.0050787088
0.0361959040
0.0191884767
0.0046015475
0.0180273615
0.0389074981
0.0110214893
0.0124758044
0.0203150772
0.0083809961
0.0243576933
0.0000523456
0.0328647792
0.0000076568
0.0040880074
0.0381888598
0.0796477050
0.0410672575
0.0186368432
0.0124771195
0.0478789285
0.0172155276
0.0002408221
0.2481899261
0.0192477256
0.0381364226
0.0086182803
0.0117756510
0.2189243585
0.0408822075
0.0452187285
0.0416064709
0.0132566178
0.0444760025
0.0841655061
0.0379149728
0.0148394275
0.0041447179
0.0073310188
0.0000560615
0.0107197631
0.0212626532
0.0274986494
0.0106243407
0.0080997115
0.0150854401
0.0301143229
0.0142143779
0.0355432928
0.0304572582
0.0135583794
0.0046285954
0.0237582158
0.0532035269
0.1191991419
0.0084416699
0.0141701344
0.0072761155
0.0434438959
0.0170685109
0.0190447867
0.0271898657
0.0011581167
0.0000081930
0.0106416866
0.0209722333
0.0639809817
0.0269973055
0.0485181101
0.0210746322
0.0066070911
0.0942857563
0.0266328156
0.0416557863
0.0074286680
0.0053337584
0.0223335344
0.0500063561
0.0057750861
0.0369879566
0.0699462295
0.0937053934
0.0382227823
0.0230720229
0.0171085875
0.0257851798
0.0097452803
0.0073463307
0.1376195401
0.0148098283
0.0130243441
0.0217241663
0.0261513516
0.1057838351
0.0000701276
0.0289858989
0.1718676090
0.0301218871
0.0135718305
0.0097127557
0.0191982519
0.0396109037
0.0010392254
0.0039136210
0.0281935968
0.0202469770
0.0712801740
0.0274266154
0.0313224532
0.0140787959
0.0397046134
0.0174971018
0.0168783907
0.0354486741
0.0869176537
0.0127976807
0.0741140246
0.0174073875
0.0124486694
0.0282310117
0.0256850384
0.0067197643
0.0256179683
0.0080483546
0.0290532894
0.0302692987
0.0255831387
0.0173569899
0.0618623793
0.0119685438
0.0267192330
0.0065677105
0.0181281194
0.0121223452
0.0741514713
0.0109078521
0.0103719207
0.0305429883
0.0147059681
0.0196503419
0.0286301766
0.0226651747
0.0017844720
0.0203909874
0.1849480420
0.0135776531
0.0065748706
0.0428063758
0.0043181656
0.4541355669
0.0064293393
0.0268715825
0.0703337863
0.0185278039
0.0086038550
0.0168090593
0.0719038323
0.0094295209
0.0382537879
0.0140008554
0.0132453078
0.1081069261
0.0124057140
0.1382448822
0.0309229661
0.0002088586
0.0050261095
0.0264401641
0.0046911398
0.0058530197
0.0034315686
0.0157870874
0.0067134020
0.0583712161
0.0190847963
0.0091845905
0.0503642932
0.0076123509
0.1710207164
0.0040807766
0.0169196166
0.0225439798
0.0098329149
0.0340981111
0.0265290774
0.0285709389
0.0003320859
0.0221397057
0.0307414252
0.0277383178
0.0034007051
0.0797542334
0.0013686782
0.0221368168
0.0000372696
0.0059648645
0.0969561487
0.0184015874
0.0073203943
0.0061624059
0.0414863937
0.1497998834
0.0078460202
0.0165636130
0.0402301475
0.0153259803
0.0234512910
0.0587947220
0.0115082413
0.0489225313
0.0055891485
0.0204583053
0.0267848838
0.0227943547
0.0048982813
0.0065967832
0.0100285616
0.0111579513
0.0043082866
0.0300600752
0.0146649852
0.0054750689
0.0247614756
0.0335135646
0.0167706143
0.0232925154
0.0109558608
0.0550435781
0.0666920915
0.0170526132
0.1469815522
0.0108534535
0.0261226073
0.0570391864
0.0120200571
0.0219435096
0.0011658670
0.0117710354
0.0049377931
0.0027335379
0.0084563559
0.0126402294
0.0168052297
0.0459796675
0.0395797156
0.0065366975
0.0180706978
0.0081108129
0.1349791437
0.0805353150
0.0002274486
0.0284340903
0.0037631840
0.0518851578
0.0241569374
0.0069717532
0.0317592360
0.0083287852
0.0190984756
0.0251631234
0.0235903338
0.0474683829
0.0090853209
0.0056545194
0.0104133692
0.0000094485
0.1482961476
0.0368795246
0.0295826737
0.0059123272
0.0151787307
0.0063439244
0.0055552437
0.0077349450
0.0329486020
0.0386857577
0.0050229821
0.0124906171
0.0284898896
0.0254666675
0.0129134515
0.0512873679
0.0001381448
0.0097781913
0.0481447317
0.0124391513
0.0093706977
0.0065383199
0.0006684663
0.0302060433
0.0291983783
0.0190874822
0.0162593368
0.1833553612
0.0399508886
0.0274820775
0.0296600834
0.0026903821
0.0075266394
0.0106524155
0.0142533723
0.0280067474
0.0348585583
0.0578427985
0.0137430774
0.0052925604
0.0983243957
0.1581662744
0.0078924205
0.1724332869
0.0102898022
0.0283254329
0.0032812280
0.0481893346
0.0087544490
0.0240097810
0.0070469659
0.0258595012
0.0072770007
0.0000927534
0.0020062346
0.0212298911
0.0176364388
0.0123823909
0.0508836918
0.0128980223
0.0128754573
0.0259372611
0.0726417303
0.0376301855
0.0176646169
0.0055550542
0.0047212476
0.0132184727
0.0364249572
0.0374622867
0.0001939999
0.0312287807
0.0001480537
0.0116421208
0.0221697055
0.0000000721
0.0021180573
0.0047687525
0.0183845069
0.0223005340
0.0367158093
0.0231701173
0.0545860454
0.0222999100
0.1171619743
0.0153693035
0.0153394993
0.0284159705
0.4065288305
0.0193488728
0.0072848583
0.0047621760
0.2849672735
0.0160170365
0.0344799608
0.1291539222
0.0093833478
0.0033056710
0.0195955951
0.0123535935
0.0308037885
0.0002336372
0.0256789550
0.0118553536
0.0059387968
0.0596634336
0.4204425812
0.0129906749
0.0519819632
0.0153130600
0.1116306558
0.0261582974
0.0140008554
0.0550029203
0.0418386795
0.0131571628
0.0518551357
0.0145803923
0.0143704442
0.0020563419
0.0098707778
0.0142919607
0.1430429369
0.1010729149
0.0129525056
0.0103597892
0.1780371219
0.0261754543
0.0246049445
0.0094997063
0.0111503573
0.0313022286
0.0056449617
0.0301407967
0.0369048193
0.0000942715
0.0348006599
0.0244821981
0.0025888423
0.0173511691
0.0862711594
0.0360668376
0.0246712696
0.0000099275
0.0085784467
0.0045049507
0.0589777939
0.0090985866
0.0130431149
0.0567077100
0.0143547840
0.0373471193
0.1029811502
0.0066675916
0.0196105521
0.0689641759
0.1609438509
0.0138005624
0.0228257719
0.0107156988
0.0062202518
0.0157191586
0.0551215149
0.0139602851
0.0557766296
0.0494083017
0.0758775845
0.0287633073
0.0104767904
0.0282510854
0.0043244930
0.0193781368
0.2231614292
0.0309533309
0.1069295332
0.0150034754
0.0063979444
0.2041891813
0.0180764534
0.0114761945
0.0240360145
0.0700535700
0.0585686043
0.0448243879
0.0152519224
0.0666409433
0.0174356941
0.0122950878
0.0000837981
0.0196833257
0.0065558124
0.0134435315
0.0110110156
0.0833653659
0.0094689587
0.0171592105
0.0345750786
0.0366716459
0.1750982553
0.0051725553
0.0070758723
0.0124379573
0.0163937807
0.0135647329
0.0256613772
0.0275826808
0.0160988271
0.0403534621
0.0752827078
0.0116731934
0.0556198247
0.0296670273
0.0328492634
0.0411383770
0.0832508206
0.0265758634
0.0106469691
0.0232754238
0.0406722650
0.0635344461
0.0081433477
0.1756129563
0.0129574575
0.0274066776
0.0150395557
0.0121649485
0.0383446924
0.0249143895
0.0000000121
0.0065109222
0.0053309458
0.0056060501
0.0093582943
0.0107054533
0.0142649533
0.0681634247
0.0127833504
0.0237507410
0.0680021048
0.0411880612
0.0089652278
0.0403219350
0.0273755305
0.0032231354
0.0053851446
0.0316180140
0.0303923227
0.0359233506
0.0122777037
0.0045406404
0.0098149553
0.0132738436
0.0055607045
0.0698638260
0.0292260703
0.0050796247
0.0204097796
0.1324687600
0.0085077658
0.0338167995
0.0250754040
0.0390776582
0.0246060435
0.0242838301
0.0161369052
0.0513268225
0.0663999245
0.0186863746
0.0090615861
0.0082919868
0.0301871076
0.0133208912
0.0190226771
0.0337468199
0.0215756018
0.0188586507
0.0218322799
0.0988730043
0.0185434446
0.0174161997
0.0480674393
0.0181623399
0.0171370916
0.0133383004
0.0325526707
0.0355642848
0.0623979755
0.0304292142
0.0053895903
0.0242214072
0.0054356004
0.0440986715
0.0272434447
0.0543487296
0.0086343149
0.0255499240
0.0105157960
0.0220275708
0.0619329289
0.0231168177
0.0044667069
0.0126578081
0.0239175502
0.0239910427
0.0335908122
0.0498201437
0.0682480782
0.0283963867
0.0112700425
0.0011164166
0.0308131296
0.0304367002
0.0153724486
0.0054634283
0.0079299510
0.0073496141
0.0409265049
0.0165888909
0.0092411553
0.0059860162
0.0121179372
0.0412511528
0.0648529902
0.0469632484
0.0161111876
0.0264903363
0.0332637653
0.0124103669
0.0238235090
0.0186178759
0.0572071522
0.0276469048
0.0066617327
0.0036667993
0.0083092572
0.0093732662
0.0161383599
0.0156052420
0.0292044859
0.0379860736
0.0230173171
0.0127112437
0.0000088923
0.0131933196
0.0131811816
0.0247951224
0.0347679332
0.0066959485
0.0127524575
0.0207316857
0.0124490662
0.0228675883
0.0119500402
0.0236127526
0.0170066692
0.0179736577
0.0173340049
0.0495742932
0.0137819620
0.0259998366
0.0122120325
0.0285780784
0.0693203062
0.0047324817
0.0209871586
0.0127195762
0.0002013944
0.0071283402
0.0126579991
0.1311282516
0.0882026404
0.0178222936
0.0340984352
0.0360431746
0.0629495233
0.0279811621
0.0209584143
0.0114127323
0.0108736828
0.0269786213
0.0104582189
0.0244673491
0.0298060663
0.0064298995
0.0185777023
0.0479244217
0.0196873769
0.0109704211
0.0409382582
0.0423691124
0.0246290788
0.0088357758
0.0253670271
0.0202676058
0.0205332767
0.0342579037
0.0127011584
0.0196171161
0.0320794024
0.0102661308
0.0124361999
0.0097696986
0.1450597942
0.0184384529
0.0288250130
0.0052274032
0.0224405658
0.0193674453
0.0558809862
0.0132853650
0.0337501206
0.0268510897
0.0282794815
0.0254521295
0.0040683616
0.0192966461
0.0276918691
0.0000201410
0.1550235301
0.0332332961
0.0282197371
0.0080568409
0.0167100858
0.0103906533
0.0088370442
0.0003175705
0.0730138123
0.0676851049
0.0209324807
0.0064983009
0.0263562873
0.0221532136
0.0252772067
0.0000167359
0.0172700845
0.0046858885
0.0083335759
0.0424471535
0.0087383930
0.0525971018
0.0151869440
0.0067935828
0.0392335616
0.0074197706
0.0295666549
0.0189900696
0.0271230470
0.0482507013
0.0049990364
0.0434489697
0.0728857219
0.0046101697
0.0592400208
0.0137854870
0.0103300679
0.0040909518
0.0523931794
0.0076311347
0.0222623888
0.0244280491
0.0401089527
0.0000043219
0.0075545446
0.0396226235
0.0000580884
0.0473810062
0.0140835354
0.0191644058
0.0325375944
0.0123344557
0.0284846127
0.0228432640
0.1158089042
0.0183083843
0.0084356694
0.0385738648
0.0366513208
0.0159408003
0.0187422428
0.1125900149
0.0435715094
0.1441992372
0.0121900262
0.0373912379
0.0151338894
0.0777270570
0.0036769940
0.0181742813
0.0078706313
0.0365274549
0.0327820666
0.0301564410
0.0397190824
0.0125794578
0.0070086522
0.0113107506
0.0020133655
0.0206424650
0.0060450002
0.0229221191
0.0640289709
0.0108463289
0.0081235133
0.0242510885
0.0000044098
0.0438558534
0.0241171308
0.0116397282
0.0114889676
0.0096423682
0.0220171921
0.0479310378
0.0149194561
0.0093355123
0.0238370877
0.0001756846
0.0485972427
0.0131194992
0.0515473820
0.0674635023
0.0298210736
0.0226287395
0.0440389588
0.0121063665
0.0039567356
0.0414558277
0.0216244608
0.0036862781
0.0368683636
0.0201318581
0.0208898783
0.0198213588
0.0325192586
0.0026318654
0.0106775919
0.0104473690
0.0137861613
0.0066764913
0.0415489078
0.0254576765
0.0438257121
0.0162527785
0.0051996456
0.0287440307
0.2660598159
0.0278670024
0.0002184844
0.0154852150
0.0049744491
0.0047015618
0.0505749844
0.0064460286
0.0152092967
0.0164702609
0.0067110239
0.0133257816
0.0205518920
0.0281226113
0.0033679088
0.0308342092
0.0497442409
0.0307999160
0.0002065219
0.0966007411
0.0084734242
0.0098674046
0.0077759977
0.0132140713
0.0283148270
0.0211228020
0.0099278148
0.0190519374
0.0246406738
0.0210453179
0.0158841405
0.0303533953
0.0254825782
0.0415299498
0.0193716846
0.0354702920
0.0278678294
0.0158501286
0.0236245412
0.0103561720
0.0839022771
0.0204041749
0.0195336547
0.0306714457
0.1548177600
0.0144680794
0.0189810246
0.0751590505
0.0621088035
0.0175467152
0.0800615549
0.0156150004
0.0245572459
0.0121453907
0.0171837378
0.0122222006
0.0086084595
0.0262790658
0.0510157607
0.0246006418
0.0136896390
0.0496202335
0.0075605391
0.0298159420
0.0198627729
0.0367854908
0.0094031906
0.0796881244
0.0171967242
0.0304821543
0.0189246368
0.1361357719
0.0311362427
0.0911378935
0.1257872432
0.0248863734
0.0409856886
0.0427162796
0.0174213890
0.1378969252
0.0606989600
0.0190917589
0.0430467911
0.0331377685
0.0254629310
0.0706683919
0.0457225740
0.0478556342
0.0118326517
0.0160087403
0.0424490906
0.0157035533
0.0290839765
0.0319633931
0.0094972122
0.0081681265
0.0104358587
0.0115680182
0.0192984510
0.0104289670
0.0348619558
0.0005959155
0.0098199975
0.0113592725
0.0063588391
0.0048885103
0.0055348394
0.0073023695
0.0179958846
0.0274363868
0.0219568592
0.0291616749
0.0510478131
0.0149410004
0.0969840810
0.0003079250
0.0108312992
0.0402393527
0.0175333694
0.0603450574
0.0123270461
0.0054491349
0.0133674750
0.1256396472
0.0137263862
0.0187988356
0.0383747406
0.0224467199
0.0494714975
0.0096638212
0.0005871788
0.0181209575
0.0144707989
0.0099128839
0.0173625536
0.0275150761
0.0069529223
0.0181130171
0.0000441015
0.0037069451
0.0404351614
0.0204776917
0.0175998956
0.0436207540
0.0166886002
0.0143281454
0.0143708754
0.0221205950
0.0167214647
0.0172269884
0.0375801437
0.0140063865
0.0357738361
0.0195468087
0.0090249907
0.0028601615
0.0506032929
0.0327472501
0.0072077471
0.0127989324
0.0206182636
0.0140865296
0.0109837567
0.0768829733
0.1080458835
0.0213110130
0.1553207934
0.0990279168
0.0071373093
0.0038298301
0.0182182025
0.0410153121
0.0243176110
0.0166784618
0.0439460017
0.0132994484
0.0245211776
0.0127619933
0.0093057305
0.0859482959
0.0138188237
0.0226538535
0.0019728623
0.0155972438
0.0190967973
0.0299826283
0.0565760396
0.0363897868
0.0111807883
0.0058339955
0.0821620077
0.0269801747
0.0159430746
0.0244121458
0.0393626988
0.0044236504
0.0413515233
0.0526458807
0.0465106666
0.0162640046
0.0125375455
0.0006715261
0.0332006477
0.0809634030
0.0137437228
0.0242116265
0.0891077667
0.0364190042
0.0143636642
0.0177015588
0.0594701767
0.0368896388
0.0271754917
0.0112831630
0.0461615622
0.0047527831
0.0083136279
0.0184190292
0.0160481185
0.0462518744
0.0089397123
0.0130163301
0.0000938607
0.0128065255
0.0112874825
0.0131561728
0.0122778658
0.0000235082
0.0158883762
0.0464383177
0.0170009620
0.0223562866
0.0435274765
0.0056633414
0.0371907093
0.0208651181
0.0162217934
0.0130991898
0.0433927998
0.0307465531
0.0263677947
0.0335936621
0.0190150775
0.0050293538
0.0004414814
0.0157640185
0.0293387342
0.0168987531
0.0389190353
0.0383032188
0.0295068212
0.0634115413
0.0441532955
0.0158979837
0.0360714793
0.0869849920
0.0061195553
0.0129107768
0.0157492273
0.0290359706
0.0422566161
0.0353150293
0.0049669775
0.0064488873
0.0000000364
0.1814025491
0.0158011112
0.0238919146
0.0098269181
0.0361051634
0.0200626701
0.0357462130
0.0141660850
0.0254547875
0.0071153399
0.0277785994
0.0300024394
0.0104568182
0.0483798794
0.0161264632
0.0173986796
0.0283327792
0.0132149411
0.0110872965
0.0197135657
0.0835269690
0.0104970383
0.0278780088
0.0426422469
0.0081670918
0.0134190656
0.0398695469
0.1344972700
0.0088257426
0.0106867021
0.0250713956
0.0100818742
0.0190250091
0.0179107599
0.0178581104
0.0061605843
0.0147459302
0.0076530199
0.0316633657
0.0261123218
0.0097183334
0.0472017974
0.0153991478
0.0160592366
0.0052584796
0.0099971388
0.0903687403
0.0055233557
0.0055191764
0.0313988775
0.0366144180
0.0120564643
0.0480874293
0.0000271813
0.0143070417
0.0108061722
0.0119214961
0.7939029336
0.0298157763
0.0061642458
0.0232451782
0.0693010688
0.0494233556
0.0072627258
0.0551733673
0.0197925624
0.0112041561
0.0043866849
0.0978472531
0.0739580393
0.0587535687
0.0057610190
0.0033327278
0.0063992050
0.0214875583
0.0090704793
0.0110357599
0.0516386554
0.0055111106
0.0240367278
0.0173302703
0.0578734726
0.0000194234
0.0112115964
0.0109256450
0.0270742197
0.0102817630
0.0022440027
0.0106600765
0.0125958622
0.0698932111
0.0230373554
0.0207359865
0.0071860100
0.0493860915
0.0124631682
0.0150028849
0.0651857629
0.0139166359
0.0035007496
0.0000807312
0.0157496128
0.0242625531
0.0053073717
0.0096272901
0.0112709990
0.0373469815
0.0133786472
0.0242630523
0.0212951861
0.0315073952
0.0285813622
0.0305759776
0.0140104163
0.0141723724
0.0036753663
0.0886790082
0.0139288921
0.0122079086
0.0364139117
0.0159593318
0.0245754346
0.0112571698
0.0003134484
0.0126751978
0.0205435231
0.0092417141
0.0013387480
0.0147042554
0.0364662185
0.1351995468
0.0317897163
0.0194439944
0.0214778967
0.0147174150
0.0144747160
0.0203094985
0.1614966094
0.0078824814
0.0083537279
0.0160521250
0.0160342995
0.0182747841
0.3297917545
0.0261024293
0.0299465936
0.0136566227
0.0053580385
0.0097913863
0.0074496381
0.0430194549
0.0289393365
0.0145488353
0.0477919690
0.0206924975
0.0259405859
0.0226078257
0.0083780801
0.0048744180
0.0036860961
0.0193686429
0.0062303171
0.0301666223
0.0115956841
0.0951359794
0.0121737532
0.0126213413
0.0102167139
0.0438747332
0.0049938969
0.1071835235
0.0524338633
0.0867577344
0.0489596426
0.0219313148
0.0541232154
0.0309276544
0.0067210882
0.0240578298
0.0114940591
0.0597279891
0.0266684871
0.0249029491
0.0516797677
0.0144011397
0.0296667255
0.0470426269
0.0109283868
0.0283345133
0.0080275051
0.0058280793
0.0264969319
0.0118496586
0.0473107249
0.0336235203
0.0293317810
0.0213462487
0.0372876413
0.0267562605
0.0068752742
0.0036226716
0.0053015957
0.0113391336
0.0227038227
0.0224707127
0.0333555974
0.0258876253
0.0043859188
0.0121139428
0.0796591640
0.0700859800
0.0331956893
0.0401811972
0.0202184655
0.0245481096
0.0215268545
0.0103958705
0.0270828139
0.0286207870
0.0228731297
0.0074175093
0.0504981056
0.0000987832
0.0286544804
0.0500368997
0.0034852403
0.0549629852
0.0243099649
0.0187433288
0.0089408737
0.0036077143
0.0086873733
0.0951666906
0.0365435705
0.0270085800
0.0351749435
0.0169759244
0.0474120118
0.0301768351
0.0346532837
0.2644774914
0.0153374327
0.0604112893
0.0158487596
0.0118084578
0.0158973262
0.0514237806
0.0209448766
0.0082522891
0.0379898362
0.0204173699
0.0054698791
0.0428535268
0.0113775153
0.0283917822
0.0383432172
0.0089409407
0.0295345839
0.0398862362
0.1057107821
0.1032911465
0.0160769373
0.0415620022
0.0056668334
0.0389767215
0.0105498070
0.0082170693
0.0022530486
0.0334768258
0.0037495508
0.0065469863
0.0293431357
0.0256663337
0.0338706821
0.0757929757
0.0435257703
0.0168429483
0.0000089903
0.0064398749
0.0037969279
0.0080518275
0.0131690064
0.0110826548
0.0106979413
0.0410623774
0.0267670397
0.0047410876
0.0377557576
0.0377651118
0.0080693960
0.0088480944
0.0112590380
0.0350128897
0.0217108987
0.0358600542
0.0122415349
0.0487682596
0.0258520544
0.0282377899
0.0553188398
0.0635519773
0.0316183493
0.0042080502
0.0294605382
0.0204750896
0.0301304273
0.0105165299
0.0072315345
0.0540076196
0.0161987077
0.0325746648
0.0105359592
0.0090320725
0.0041195154
0.0181706399
0.0127294008
0.0164786056
0.0331622809
0.0071573951
0.0052487212
0.0147993686
0.0102734007
0.0228311028
0.0109704211
0.0308972560
0.0174697433
0.0001520019
0.0075459699
0.0273562390
0.0005570716
0.0137294075
0.0254349243
0.0110945338
0.0214478504
0.0222090185
0.0399533398
0.1005045474
0.5804691315
0.0057274029
0.0092012156
0.0557329431
0.0047560143
0.0496537983
0.0082979957
0.0061806208
0.0542306229
0.0104868989
0.0051391260
0.0197436642
0.0260445047
0.1645475477
0.0249065608
0.0206969045
0.0049142512
0.0095985988
0.0106319310
0.0124094533
0.0443645976
0.0544737428
0.0166881327
0.0134289181
0.0232788939
0.0080154696
0.0569176450
0.0261443537
0.0244956873
0.0237426478
0.0564563274
0.0095625650
0.0150156859
0.0217263009
0.0270398762
0.0001652027
0.0647858158
0.0271595605
0.0167981647
0.0448009558
0.0153994076
0.0048270663
0.0119095268
0.6814821959
0.2214921117
0.0509357564
0.0052921693
0.0335138738
0.0328149647
0.0224315729
0.0281505808
0.0289512388
0.0090579214
0.0124303456
0.1691907942
0.0197966360
0.0000187908
0.0309342854
0.0561439097
0.0379194133
0.0190832969
0.0345224664
0.0269083641
0.0382025242
0.0413074642
0.0538258776
0.0350668728
0.0525237732
0.0243366733
0.0109856836
0.0144257415
0.1207627580
0.0180475302
0.0156485494
0.0151894558
0.0628499761
0.0091545926
0.0603439622
0.0247909240
0.0284434203
0.0224115476
0.0359123200
0.0064444169
0.0225365013
0.1414754689
0.0288640261
0.0399500467
0.0212353617
0.0497351699
0.0199334454
0.0296141729
0.0050321608
0.0211543255
0.0111539122
0.0167917944
0.0103841824
0.0141628496
0.0232592132
0.0030529625
0.0043916777
0.0146551207
0.0204047449
0.0617471635
0.1629893333
0.0141541297
0.0077966577
0.0254454706
0.0153136076
0.0088702189
0.0149670457
0.0201991685
0.0196229499
0.0000220843
0.0091222953
0.0306076538
0.0059251650
0.0000544154
0.0227233432
0.0106058018
0.0173140373
0.0169791728
0.0266363248
0.0141332531
0.0066153896
0.1062746122
0.0188302454
0.0125653921
0.0157027878
0.0705707446
0.0161727089
0.0085137058
0.0379863530
0.0126887625
0.0327401794
0.0476480871
0.0155223357
0.0129495561
0.0193447825
0.0161125176
0.0307571292
0.0371156894
0.0427761450
0.0192412455
0.0158167221
0.0195115302
0.1879697442
0.0423512049
0.0793879554
0.0224433709
0.0375770554
0.0168250501
0.0204731766
0.0000000120
0.0198254865
0.0248006582
0.0111147258
0.4823420346
0.0286669265
0.0321846753
0.0058220127
0.0076028178
0.0139288651
0.0136466213
0.0160330366
0.0098757753
0.0168059710
0.0259289276
0.0687549338
0.0193127152
0.0076749958
0.0247218031
0.0272013191
0.0391625427
0.0117246211
0.0178557709
0.0121339997
0.0246615186
0.0256639011
0.0374307334
0.0444466658
0.0413662679
0.0108773960
0.0183960423
0.0001348685
0.0467618518
0.0171307661
0.0119796237
0.0225391891
0.0358920544
0.0037284279
0.0744909346
0.0874374509
0.1068364903
0.0115915090
0.0345150940
0.0047940658
0.0788711458
0.0094343154
0.0452574678
0.0036941883
0.0066778073
0.0175244361
0.0200833417
0.0183446091
0.0364819728
0.0005813628
0.0141734397
0.0044026915
0.0088197542
0.1448744386
0.0050353422
0.0874091536
0.0178628955
0.1334302425
0.0133318007
0.0108982259
0.0277342573
0.0347389504
0.0053550401
0.0124120498
0.0196493119
0.0240935292
0.0073232222
0.0872073174
0.0251307432
0.0517834425
0.0478185341
0.0192615204
0.0012301900
0.0110362591
0.0260536466
0.0102991480
0.0314671658
0.0116398381
0.0663752183
0.0203961693
0.0403721519
0.0093839690
0.0237545893
0.0031423667
0.0147480350
0.0097627267
0.0104110902
0.0000195979
0.0195214562
0.0156040397
0.0084957564
0.0097126821
0.1257985532
0.0333913341
0.0665162429
0.0104420651
0.1130950600
0.0196741670
0.0366365574
0.0167510007
0.0087464256
0.0000950884
0.0349672958
0.0684171766
0.0197383128
0.0150137115
0.0088551724
0.0087241791
0.0169909559
0.0136742974
0.0089574857
0.0254258979
0.0293083303
0.0324177854
0.0160018634
0.0277373437
0.0042166989
0.0220254082
0.0059142672
0.2273882031
0.0030237741
0.0062902626
0.0099984603
0.0124484338
0.0100768693
0.0143131753
0.1056035385
0.0112622231
0.0282989331
0.0098946858
0.0110276863
0.0156869944
0.0490731820
0.0355627835
0.0218589753
0.0646756515
0.0053827646
0.0131819267
0.0201381445
0.0062391451
0.0334900953
0.0123951798
0.0066042128
0.0102842096
0.0195641425
0.0186930913
0.0350835919
0.0124358246
0.0000916929
0.0145580200
0.0099847633
0.0156103699
0.0053339810
0.0176784899
0.0325554349
0.1238363087
0.0141152991
0.1076795384
0.0602040775
0.0167693887
0.0742559135
0.0054890867
0.0112457750
0.0582750514
0.0170990005
0.0078606289
0.0138312522
0.0209691003
0.0070227371
0.0134271737
0.2853018939
0.0230840202
0.0154012283
0.0255027153
0.0132973213
0.0258412976
0.0253753271
0.0327338390
0.0511797294
0.0491743945
0.0123517103
0.0138022499
0.0097275991
0.0136187915
0.0167738553
0.0120727653
0.0266496316
0.0174409561
0.0489076264
0.0236624051
0.0178782605
0.0162287373
0.0410165116
0.0068917819
0.0257598460
0.0209120084
0.0127589172
0.0070618424
0.0188671052
0.0281223487
0.0068883621
0.0288783461
0.0194815211
0.0318378098
0.0223483667
0.0327059515
0.0101363091
0.0049195755
0.0432561114
0.0976005420
0.0283816569
0.0160003398
0.0144702271
0.0352261141
0.0011147631
0.0205666404
0.0117370710
0.0202248525
0.0442182198
0.0027572827
0.0079436470
0.0118194334
0.0203396529
0.0926834717
0.0585744046
0.0369843282
0.0138825718
0.0120505830
0.0392722860
0.0421407558
0.0148755657
0.0000145212
0.0404907726
0.0301752724
0.0218701921
0.0368669443
0.0000002955
0.0262337141
0.0266422480
0.0220353510
0.0501871593
0.0254344475
0.0056651141
0.0178054329
0.0119317463
0.0096987300
0.0134133110
0.0779201612
0.0395797864
0.0188741852
0.0094231097
0.0083020777
0.0417302400
0.0101111550
0.0152878584
0.0371655822
0.0069610928
0.0044443542
0.0118935565
0.0308667757
0.0165356752
0.0002574275
0.0317648686
0.0186136086
0.0067880764
0.0083533796
0.4437991381
0.0422428437
0.0611770004
0.0241755117
0.0121031506
0.0993183628
0.0259462073
0.0776451752
0.0265155826
0.0207337774
0.0098737981
0.0091836695
0.0077596367
0.0063807862
0.0000500541
0.0310651455
0.0214344431
0.0121162022
0.0594450384
0.0257085357
0.0469933972
0.0350721329
0.1453391314
0.0395090133
0.0088095553
0.0028411313
0.0105422642
0.0063248961
0.0378378145
0.1111820340
0.0067562852
0.0109012071
0.0133669470
0.0315599591
0.0205595698
0.0468549579
0.0021726792
0.1688588709
0.0088816956
0.0248004254
0.0060847709
0.0133205904
0.0600793399
0.0264493469
0.0014214863
0.0236982573
0.0135527691
0.0168828852
0.0054056151
0.0387873389
0.0387275778
0.0277125929
0.0806899071
0.0450090654
0.0170611516
0.0290635172
0.0055706063
0.0019350684
0.0093472674
0.0222583208
0.0303894561
0.0089472309
0.0283072721
0.0100390390
0.0183598418
0.0171165112
0.0076929703
0.0314440951
0.0172477644
0.0746056885
0.0114354780
0.0073690652
0.0136323264
0.0275703073
0.0089698881
0.0154580800
0.0308938306
0.0677500144
0.0060799164
0.0061565679
0.0758057982
0.0134886596
0.0101903044
0.0068393322
0.0216033608
0.0132769160
0.0146282502
0.0089258114
0.0213200450
0.0056846803
0.1311499923
0.0403145552
0.0000272966
0.0146557270
0.0143029196
0.0080745127
0.0103097307
0.0305365417
0.0221143272
0.0021245738
0.0100674881
0.0351027101
0.0272888206
0.0228285808
0.0082410881
0.0094719818
0.0188575387
0.0210287813
0.0372171178
0.0117857764
0.0095650582
0.0110786203
0.0000033410
0.0162310805
0.0081643881
0.0278943982
0.0059267385
0.0974617004
0.0127276033
0.0609439649
0.0333128832
0.0241039358
0.0108235376
0.0242329054
0.1423414052
0.0415030830
0.0243514851
0.0263008904
0.0102227535
0.0149109373
0.0043394575
0.0152001306
0.0087490892
0.0623819083
0.0230294261
0.0117399469
0.0144392261
0.0178722329
0.0140230162
0.0089289490
0.0324966721
0.0114919143
0.0158329476
0.0098456815
0.0311367009
0.0277849119
0.0237064660
0.0372101441
0.0499246866
0.0126369437
0.0127267642
0.0191833451
0.0000960222
0.0074919681
0.0172232743
0.0065927217
0.0171658043
0.0223096851
0.0207051020
0.0266546775
0.0177694764
0.0405007042
0.0096106641
0.0304000769
0.0094157243
0.0119459433
0.0224733949
0.0381623842
0.0425359309
0.0252124835
0.0151751684
0.0104151191
0.0318954177
0.0471783355
0.1013085023
0.0029032489
0.0026520288
0.0037919816
0.0160630941
0.0142176384
0.0366254486
0.0048333006
0.0104592852
0.0075711943
0.0238799360
0.0183880161
0.0165821724
0.0160713848
0.0213726424
0.0149439201
0.0190481953
0.0271039791
0.0250436943
0.0260001253
0.0362401120
0.0137331793
0.0630203858
0.0189107582
0.0152190430
0.0037899357
0.0462915264
0.0196119454
0.0790785030
0.0061543863
0.0224420317
0.0081506688
0.0081999106
0.0233729687
0.0998265147
0.0145508805
0.0373935029
0.0214909688
0.0190059729
0.0298362523
0.0725318864
0.0200378224
0.0118612107
0.0053853081
0.0090774428
0.0104584359
0.0063896319
0.0532643795
0.0090933079
0.0099154674
0.0057236897
0.0386348777
0.0297374725
0.0165439267
0.0024932732
0.0347219408
0.0114057614
0.0859204307
0.0198949166
0.0264195539
0.0186017118
0.0182135645
0.0371783674
0.0416956246
0.0064495234
0.0098215006
0.0123057468
0.0339237154
0.0367119610
0.0181519352
0.0048263241
0.0476095006
0.0107891820
0.0107956370
0.0023517990
0.0125318794
0.0327998511
0.0302058216
0.0434009545
0.0565265752
0.0221980046
0.0063620210
0.0193443485
0.0128489640
0.0232653506
0.0151539464
0.0193746574
0.0448999070
0.0417506061
0.0356038883
0.0131681887
0.0291300081
0.0138297444
0.0105163315
0.0287735332
0.0117234495
0.0197292734
0.0394228138
0.0191727616
0.0695299134
0.0780415311
0.1229261458
0.0073641418
0.0202662442
0.0170250125
0.0237457864
0.0673253313
0.0051507927
0.0930633396
0.0219145063
0.0000001489
0.0667315200
0.0065873028
0.0182734076
0.0174647681
0.0154605471
0.0031722742
0.0180252679
0.0444398634
0.0186473466
0.0074469028
0.0176051073
0.2131416798
0.0128322095
0.0441463739
0.0135490196
0.0030642224
0.0129497508
0.0197515301
0.1524946392
0.0617892034
0.0152598023
0.0153274769
0.0556349531
0.0349727012
0.0070649865
0.0046355166
0.0218395293
0.0255323425
0.0153645417
0.0357242599
0.0300787464
0.0110138832
0.0043320307
0.0114963790
0.0089712953
0.0068625752
0.0531008244
0.0134241423
0.0305273384
0.0081276642
0.0098813912
0.0026018571
0.0036369304
0.0252148751
0.0119273840
0.0049821776
0.0216054171
0.0397598445
0.0245921742
0.1476639211
0.0082684150
0.0444481261
0.0057592057
0.0019738616
0.1032820717
0.0956125557
0.0179860163
0.0309110209
0.0001532172
0.0395271815
0.0120886322
0.0239092261
0.0302630309
0.0049017039
0.0272440501
0.0454907008
0.0328230634
0.0182930063
0.0534489714
0.0065831854
0.0360995345
0.0496979654
0.0042423964
0.0166068859
0.0001177428
0.0061098076
0.0041227718
0.0108572431
0.0096594775
0.0680503547
0.0000107762
1.0000000000
0.0178887788
0.0000004744
0.0051974757
0.0218335409
0.0203701183
0.0135525642
0.0241856854
0.0304264557
0.0358385667
0.0222403966
0.0249455478
0.0291211642
0.0061919596
0.0066235862
0.0959290266
0.0107748806
0.0089144120
0.0284105986
0.0149114970
0.0197442938
0.0057140049
0.0197881218
0.0134722730
0.0219041239
0.0001273115
0.0464579985
0.0241978355
0.0000387149
0.0142331254
0.0226360410
0.0046402002
0.0000232581
0.0040113619
0.0114751132
0.0350994803
0.0003915176
0.0196840633
0.0307896677
0.0117347930
0.0390209705
0.0288079288
0.0100684622
0.0465986319
0.0000004434
0.0144387912
0.0266039055
0.0284994449
0.0614380091
0.0099764699
0.0157599356
0.0177400056
0.0384420119
0.0045470763
0.0137380371
0.0000724162
0.0560285933
0.0346113890
0.0424170457
0.0103566609
0.0377518088
0.0037141296
0.0207577236
0.0129314056
0.0812924132
0.0511461161
0.0389535092
0.0223744698
0.0189840440
0.0325895101
0.0164846648
0.0257199090
0.0357904211
0.0327462219
0.0157247372
0.0346285999
0.0280485004
0.0454869755
0.0765864402
0.0045232242
0.0091172634
0.0183152407
0.0227433424
0.0251982845
0.0140712271
0.1182858199
0.0542093031
0.0036608183
0.0000098694
0.0282449611
0.0049104569
0.0329295881
0.0141482232
0.0578851216
0.0029302349
0.0084713856
0.0760305300
0.0522916131
0.0065386547
0.0199247282
0.0166912302
0.1398473233
0.0306583457
0.0057544135
0.0034326776
0.0196931567
0.0620986894
0.0163927041
0.0321472660
0.0765391737
0.0484856293
0.0260333531
0.0046217372
0.0090217162
0.0114988275
0.0167096164
0.0342428870
0.1202316880
0.0325774886
0.1171189696
0.0156085817
0.0582367517
0.0080965552
0.0143551882
0.0417484716
0.0171236377
0.0155137377
0.0052669267
0.0178924669
0.0259171762
0.0302661639
0.0411114469
0.0076516974
0.0016973392
0.0084871324
0.0294082835
0.0017702323
0.0165794343
0.0137090189
0.0074750674
0.0133415321
0.0110231526
0.0259567834
0.0419560559
0.0071630361
0.0592254549
0.0121356919
0.0240769424
0.0334689878
0.0163043365
0.0420959666
0.0087361289
0.0086066369
0.0327020288
0.0910726711
0.0222503524
0.0562118627
0.0170312375
0.0350120552
0.0388359353
0.0211139992
0.0061793090
0.0308875497
0.0448007137
0.0124634029
0.0374944210
0.0000488386
0.0066740629
0.0012029799
0.0073261065
0.0015536479
0.0045752390
0.0103274947
0.0086208889
0.0564596839
0.0496616289
0.0128165372
0.0102588274
0.0434775129
0.0223023649
0.0215233602
0.1186128482
0.0121410675
0.0225231852
0.0293955188
0.0242553279
0.0825123489
0.0022919823
0.0091455616
0.0073127612
0.0121697858
0.0352848284
0.0270105861
0.0318268761
0.0510180704
0.0456188247
0.0966853201
0.0069424338
0.0171491764
0.0112186605
0.0120033510
0.0007587101
0.0258239694
0.0076399222
0.0384741761
0.0069676875
0.0101891309
0.0161768980
0.0189516041
0.0340657085
0.0154972002
0.0086110644
0.0128289713
0.0029379912
0.0111628566
0.0606308989
0.0207829010
0.0333857909
0.0066802241
0.0227652285
0.0168971680
0.0133191682
0.0252082199
0.0079266354
0.0095850453
0.0441072322
0.0289711375
0.0079988353
0.0303996261
0.0105095459
0.0099990834
0.0310021117
0.0659665093
0.0043972521
0.0130814724
0.0307483096
0.0377220251
0.0268931873
0.0322963186
0.0284932163
0.0034732446
0.0034728947
0.0213872530
0.0221656524
0.0198013708
0.0212971531
0.0054479772
0.0193452891
0.0047765528
0.0198592059
0.0138752637
0.0150189316
0.0232005715
0.0141768763
0.0482649766
0.0268511903
0.1420670152
0.0159555580
0.0201378036
0.0120699219
0.0198541209
0.0178572759
0.0500390753
0.0126424422
0.0417123921
0.0245547779
0.0227749478
0.0285917968
0.0341597274
0.0027265174
0.0309875626
0.0250469036
0.0295036566
0.0038222044
0.0176932346
0.0042323289
0.0169667602
0.0090181390
0.0148733016
0.0173003469
0.0371258035
0.0188695416
0.0204776153
0.0007963967
0.0513375998
0.0214633476
0.0469641052
0.0330567732
0.0123310294
0.0079854224
0.0178490151
0.0157862566
0.0405894183
0.0102946786
0.0203391220
0.0495028980
0.0097942343
0.0210227743
0.0048995269
0.0480062030
0.0868930817
0.0182132926
0.0309800636
0.0161738023
0.0480246916
0.0264539644
0.0185248125
0.0134484908
0.0587970428
0.0087481793
0.0103692580
0.0101823611
0.0159074441
0.0255127680
0.0090294266
0.0312516391
0.0049162293
0.0091433013
0.0129712718
0.1088121906
0.0155850966
0.0903364047
0.0225261245
0.0048317779
0.0180605091
0.0576739572
0.0162309296
0.1021802500
0.0109668002
0.0195243042
0.0230073258
0.0475702919
0.0527299419
0.0085720569
0.0118152462
0.0282216724
0.3091753125
0.0133785168
0.0176718663
0.0162391234
0.0212891456
0.0244831108
0.0133173568
0.0073760999
0.0274059679
0.0119453361
0.0073505742
0.0006900629
0.0164589267
0.0287196934
0.0303485673
0.0135918129
0.0119854510
0.0519639291
0.0179336388
0.0282547511
0.0097237322
0.0027465939
0.0026709589
0.0768812150
0.0080299815
0.0100903297
0.0039527165
0.0048055635
0.0058791032
0.0183593612
0.0000411245
0.0046535749
0.0165276732
0.0102559607
0.0086783106
0.0178353451
0.1198374182
0.0055981241
0.0264495928
0.0160760619
0.0226772595
0.0204492081
0.0173460636
0.0187402442
0.1147449687
0.0170301534
0.0292626750
0.0096754562
0.0088102715
0.0216012653
0.0054081283
0.0089584002
0.0088451514
0.0122699579
0.0036412177
0.0229698829
0.0055468944
0.0268083122
0.0115234395
0.0064335689
0.0302468557
0.0176755767
0.0222611018
0.0451563708
0.0489236861
0.0228399858
0.0218232777
0.0172174647
0.0404370092
0.0044137239
0.0045039840
0.0347110108
0.0240538716
0.0201451443
0.0063152290
0.0137024950
0.0181714222
0.1092676669
0.0015661840
0.0387522243
0.0202965196
0.0316605009
0.0260319263
0.0333502330
0.0180483740
0.0433070511
0.0116050877
0.0432653502
0.0281208418
0.0997220054
0.0114252632
0.0213083569
0.0164298024
0.0107021201
0.0258677676
0.0471836589
0.0177049413
0.0450170189
0.0005132543
0.0697272345
0.0278009921
0.0273551699
0.0733013153
0.0058537084
0.0351307578
0.0018787571
0.0429704823
0.0125777517
0.0841702148
0.0261498801
0.0057978434
0.0037029316
0.0101119950
0.0141051356
0.0337400436
0.0335059650
0.0297124423
0.0094279535
0.0110689709
0.0087281223
0.0184532758
0.0242500044
0.0094186235
0.0295864511
0.0194087140
0.1379415989
0.0299962759
0.0245475154
0.0276279394
0.0544097275
0.0158770476
0.0121903252
0.0146288965
0.0200244561
0.0114596095
0.0178108029
0.0212098453
0.0225341171
0.0111237653
0.0634660646
0.0131751802
0.0369988270
0.0071827727
0.0102263428
0.0251144171
0.0104505634
0.0340115279
0.0769726783
0.0244298205
0.0133148506
0.0270819571
0.0292818099
0.0214512534
0.0231463835
0.0101563130
0.0156074399
0.0093930867
0.0045209746
0.0144479144
0.0076005165
0.0082919868
0.0346097313
0.0909385458
0.1558278948
0.0219703820
0.0311521273
0.0674527884
0.0218407530
0.0135847321
0.0146130659
0.0159506090
0.1556278616
0.0336792991
0.0054104370
0.0601642653
0.0267832447
0.0075882971
0.0231056660
0.0345014930
0.0199705940
0.0384868085
0.0690777972
0.0243384819
0.0333131142
0.0089511042
0.0881954283
0.0252306331
0.0227686223
0.0142880036
0.0221070256
0.0079331174
0.0312179960
0.0660723224
0.0062633520
0.0042365510
0.1129826233
0.0000340827
0.0485560745
0.0045540058
0.0088685593
0.0414388664
0.0162175931
0.0285106134
0.0361796059
0.0194564331
0.0643693060
0.0201331005
0.0075461557
0.0363935754
0.0213667806
0.0151440715
0.0316558816
0.0059413537
0.0449353382
0.0000770998
0.0066981940
0.0257378854
0.0438086055
0.0172650367
0.1105457172
0.0476718061
0.0140004875
0.0218167640
0.0348600335
0.0095733376
0.0064346781
0.0236320626
0.0054108473
0.0352101065
0.0261532441
0.0339245275
0.0328295156
0.0081312321
0.0149426013
0.0159310494
0.0002680145
0.0163059570
0.0380335152
0.0169125758
0.0194387212
0.0119642140
0.0573945604
0.0189776141
0.0149277560
0.0360893272
0.0300138779
0.0045654508
0.0327052884
0.0344000868
0.0451332703
0.0074889194
0.0142038250
0.0093717072
0.2071455121
0.0123510109
0.0978460759
0.0056598093
0.0156699512
0.0021827756
0.0119773895
0.0350239165
0.0079257358
0.0405227952
0.0155164190
0.0086380867
0.0353080779
0.0190031640
0.0132672749
0.0197448842
0.1203960031
0.0112074949
0.0056781941
0.0177402031
0.0498338416
0.0099003129
0.0190094579
0.0117591042
0.0242729411
0.0085280146
0.0082969125
0.0273904651
0.0186329726
0.0556258410
0.0098040979
0.0044152834
0.0101185469
0.0268224459
0.0374518856
0.0305633582
0.1455299556
0.0152661670
0.0110704117
0.0102138789
0.0848739073
0.0242669806
0.0227322802
0.0377537794
0.0484254658
0.0165828317
0.0242824294
0.0034966262
0.0000314230
0.0749871433
0.0238597300
0.0026964992
0.0273598414
0.0305461995
0.1185034215
0.0072701424
0.0236878879
0.0087117674
0.0206165705
0.0106212031
0.1407339126
0.0171433911
0.0043505887
0.1056341678
0.0175670777
0.0242152307
0.0101942495
0.0000002483
0.0031679766
0.0082502905
0.0102599505
0.0100478576
0.0407154523
0.0241051931
0.0390305556
0.0037464385
0.0324995369
0.0051890998
0.0195708405
0.0058319489
0.0055853338
0.0537800454
0.0589290112
0.0119599318
0.0306470115
0.0869020075
0.0170592647
0.0001280464
0.0054682298
0.0053579770
0.0570185743
0.0093385810
0.0103948908
0.0523336008
0.0241359919
0.0094449446
0.0056929234
0.0068618609
0.0351479575
0.0048676231
0.0098501826
0.0084293224
0.0085225487
0.0452249162
0.0270667337
0.0118575217
0.0620945804
0.0616748035
0.0000014709
0.0027879067
0.1668018550
0.0154333971
0.0174322985
0.0554642417
0.0380629525
0.0242322721
0.0019612322
0.0243101455
0.0000000505
0.0255559552
0.0148824705
0.0249789730
0.0078091505
0.0260680262
0.0230233241
0.0250572264
0.0220811870
0.0139472159
0.0162353143
0.0610519201
0.0539037399
0.0392588302
0.0179965254
0.0411089025
0.0089690071
0.0214922111
0.0100605767
0.0077127838
0.0509282909
0.0106270174
0.0182617176
0.0253520180
0.0054215742
0.0584749840
0.0111777317
0.0451584272
0.0303800125
0.0015414174
0.0053817132
0.0160387252
0.1185921058
0.0069719912
0.0245690346
0.0427353121
0.0341684744
0.0172748119
0.0052612638
0.0411708914
0.0121731348
0.0048476150
0.0123076010
0.0230267923
0.0520313419
0.0152957281
0.0019603362
0.1066862568
0.0035398097
0.0314771682
0.0355042778
0.0294782687
0.0248919260
0.0340189822
0.0106459251
0.0216040462
0.0543440208
0.0057852687
0.0062751635
0.0278341062
0.0122227576
0.0254532751
0.0036005226
0.0287802480
0.0148996236
0.0148713179
0.0465049967
0.0085105496
0.0281716958
0.0031377340
0.0140154501
0.0175776165
0.0311743561
0.0684073344
0.0173426177
0.0234336089
0.0284836069
0.0068281866
0.0105274916
0.0164721757
0.0145896859
0.0000140797
0.0237066448
0.0235484149
0.0111595308
0.0124137327
0.0440164134
0.0658901334
0.0146448789
0.0314833894
0.0186448693
0.0137166027
0.0207871329
0.0156543963
0.0110001368
0.0118050519
0.0080686174
0.0181417726
0.0118751237
0.0058666645
0.0177885275
0.0116302529
0.0319823995
0.0103143435
0.0195416193
0.0340981111
0.0075769145
0.0215813201
0.0207669940
0.0253964216
0.0056078900
0.0441366397
0.0059927613
0.0273890421
0.0401606783
0.0796502158
0.0221395399
0.0050064418
0.0316320360
0.0127253737
0.0136925299
0.0123476842
0.0435429215
0.0294402037
0.0882967189
0.0195821505
0.0314936265
0.0318061374
0.0053109177
0.0570771582
0.0000429685
0.0651471317
0.0345765427
0.0195381120
0.0091135073
0.0145361470
0.0315439887
0.0188226346
0.0135495299
0.0159799680
0.0000625090
0.0253971275
0.0919597521
0.0114976354
0.0341138169
0.0234272797
0.0241166819
0.0642732456
0.0000028052
0.0184809603
0.0330572575
0.0440041870
0.0847877264
0.0272435471
0.0101199411
0.0113121811
0.0343037471
0.0288192444
0.0412105881
0.0256890506
0.0111483606
0.0087806573
0.0138023281
0.0260285400
0.0149108525
0.0214784965
0.0344372541
0.0527093187
0.0081729954
0.0108824056
0.0116356919
0.0312031135
0.0346379727
0.0428402387
0.0546920039
0.0655187294
0.0128093604
0.3614531159
0.0146825165
0.0274066776
0.0217159241
0.1521749496
0.0128457956
0.0326755531
0.0126109822
0.0096871955
0.0016393494
0.0166515503
0.0160166454
0.0106491996
0.0074275853
0.0036335725
0.0579785034
0.0442296676
0.0602018125
0.0228366237
0.0487071499
0.0054595643
0.0186837874
0.0284493212
0.0107266326
0.0139936414
0.0193631724
0.0215394720
0.0139118740
0.1501183808
0.0296538286
0.4171935618
0.0059334850
0.0289493613
0.1750230789
0.0526459739
0.0208215602
0.0177535694
0.0205723271
0.0253558047
0.0081890291
0.0327786803
0.0107096750
0.0370362252
0.2054233849
0.0119760698
0.0051822318
0.0159600787
0.0115111703
0.0092519708
0.0216174759
0.0057104295
0.0362016931
0.0224263463
0.0564985052
0.0235274173
0.0045043775
0.0145453298
0.0292513538
0.0201093331
0.0585907102
0.0257246867
0.0454725660
0.0013512501
0.0328307264
0.0140234632
0.0621599816
0.0102640959
0.0300299283
0.0093916673
0.0418262221
0.0087870341
0.0867924988
0.0174568482
0.2107768208
0.0853515565
0.0188985169
0.0249498636
0.0665959641
0.0098301116
0.0799569637
0.0178929027
0.0101028541
0.0490915179
0.0262563284
0.0340413041
0.0222324748
0.0242917389
0.0050599887
0.0126833636
0.0162861757
0.0358756892
0.0210067630
0.0291021876
0.0386075415
0.0051227394
0.0124935340
0.0051875347
0.0256875679
0.0124407103
0.0629579127
0.2450032085
0.0044380380
0.0097623216
0.0494141281
0.0123613458
0.0042719324
0.0118258512
0.0989496633
0.0069303862
0.0078135561
0.0317746699
0.0100773824
0.0436727479
0.0402069539
0.0112409405
0.0224003512
0.0514491610
0.0130935945
0.0154902479
0.0547618195
0.0137536805
0.0256422572
0.0530258752
0.0235547759
0.0090820417
0.0178564377
0.0200116597
0.0256443098
0.1469306201
0.0220372025
0.0460617281
0.0220821761
0.0267012306
0.1622908413
0.0346942060
0.0550793111
0.0478330404
0.0682169870
0.0000026519
0.0221555680
0.0320892222
0.0117362300
0.0253182407
0.0304176230
0.0068570785
0.0003050265
0.0119641246
0.0333386138
0.0171522629
0.0058817347
0.0084680375
0.0141265839
0.0365228243
0.0075666383
0.0111181224
0.0121849515
0.0305837821
0.0165943764
0.0136400992
0.0358999111
0.0061992649
0.0028849258
0.0740193278
0.0309480093
0.0073390598
0.0036966184
0.1442232579
0.0255594235
0.0279303156
0.0107080182
0.0137588680
0.0060520186
0.0178456046
0.0073228613
0.0145951705
0.0237055179
0.0288612358
0.0095617147
0.0174600221
0.0124509428
0.0897147134
0.0146840131
0.0002726621
0.0533713438
0.0040616435
0.0158161577
0.0427040346
0.0315722600
0.0095048761
0.0281922370
0.0476780832
0.0604243837
0.1430059969
0.0395773239
0.0098528611
0.0466989763
0.0166146755
0.0379820131
0.0078114560
0.0424562246
0.0266517587
0.0071541429
0.0206814446
0.0162825081
0.1168342829
0.0047588143
0.0673027635
0.0156443771
0.0331701413
0.0823749900
0.0368753411
0.0215709321
0.0057677529
0.0200011134
0.0337027535
0.1501719207
0.0454595722
0.0153315356
0.0473526306
0.0144512281
0.0191026218
0.0226293318
0.0465827920
0.0596720986
0.0172111727
0.0121133039
0.0116033163
0.0089851273
0.0125437332
0.0089841755
0.0069865189
0.0602639988
0.0169448890
0.0123391971
0.0080655655
0.0134444665
0.0082172556
0.0122324741
0.0409840383
0.0050177607
0.0102586336
0.0002495435
0.0774403736
0.0083051873
0.0102967769
0.0319569036
0.0185122285
0.0774714425
0.0435032211
0.0552913137
0.0781158060
0.0163399819
0.0068482524
0.0270101856
0.0146180112
0.0381204747
0.0367398970
0.0289703868
0.0178188477
0.0273338668
0.0124961250
0.0134626944
0.0237857010
0.0461182520
0.0278908312
0.0094321407
0.0100346804
0.0074307639
0.0269502960
0.0459771566
0.0494388565
0.0062873065
0.0085431719
0.1341470629
0.0101298243
0.0440738350
0.0203712992
0.0113763781
0.0279173739
0.0114985034
0.0000018686
0.0071176575
0.0125176311
0.0224803910
0.0064775115
0.0104155904
0.0207781270
0.0142945666
0.0084725711
0.0168338548
0.0275564976
0.0706846789
0.0903714001
0.2211560011
0.0261364896
0.0120437266
0.0141649395
0.0496175401
0.0059022582
0.0418744795
0.0040885513
0.0184556860
0.0272645820
0.0251088142
0.0074962950
0.0231069587
0.0605236590
0.0099097397
0.0773353800
0.0332814977
0.0102188550
0.0196405705
0.0507723466
0.0121113863
0.0002166043
0.0115262643
0.0230572391
0.0126056159
0.0413127542
0.0033580826
0.0162168331
0.0064627975
0.0009378939
0.0373827964
0.0180950481
0.0147764152
0.0151063120
0.0043876348
0.0319728963
0.0576779544
0.0184093062
0.0181760862
0.0533991046
0.0154838208
0.0141293742
0.0123909302
0.0171591118
0.0399220437
0.0652878881
0.0112072937
0.0057507260
0.0150079029
0.0096475519
0.0109486291
0.0048414543
0.0491832234
0.0151265301
0.0170908272
0.0283646528
0.0322365835
0.0085941954
0.0240684710
0.0290014166
0.0401917212
0.0233221706
0.0221915469
0.0348018073
0.0040780180
0.0667148083
0.0403564870
0.1404189020
0.0469485745
0.0209420603
0.0181187522
0.0174699724
0.0151069928
0.0187921897
0.0100960275
0.0085387453
0.0059709973
0.0152491434
0.0101307426
0.0077818423
0.0565671772
0.0235004835
0.0219265688
0.0919409618
0.0232560933
0.0258715656
0.0001544770
0.0490650386
0.0033392278
0.0099198688
0.0345886461
0.0123868007
0.0536681488
0.0484534316
0.0210086852
0.2105643153
0.0093812570
0.0093972404
0.0087018572
0.0135619780
0.0519695692
0.0055170730
0.0142427366
0.0198295638
0.0182799194
0.0376625955
0.0150325922
0.0084320642
0.0284892563
0.0177259836
0.0064580231
0.0057338583
0.0269483961
0.0624781325
0.0157490503
0.0252133273
0.0734272078
0.0471828841
0.0046862266
0.0063303765
0.0000005083
0.0266114622
0.0492321253
0.0177599564
0.0283551607
0.0259264205
0.0343907326
0.0133416150
0.0089698881
0.1556050628
0.0526256189
0.0399497598
0.0097063724
0.0451680534
0.0280837975
0.0190309547
0.0036744303
0.0119659742
0.0144673446
0.0084352074
0.0665083081
0.0143493591
0.0117446398
0.0137738232
0.0128042363
0.0925342515
0.0047674039
0.0351195745
0.0210345536
0.0235350486
0.0070089572
0.0134014515
0.0237743240
0.0214859545
0.0099530946
0.0091025252
0.0777439773
0.0209915880
0.0101089980
0.0362455733
0.0685180873
0.1011041105
0.0159604996
0.0237993039
0.0109279640
0.0122520551
0.0360705517
0.0185702611
0.0114060631
0.0055224649
0.0312758870
0.0148096057
0.0341229960
0.0200536344
0.0121103823
0.0441039763
0.0391231626
0.0168963131
0.0170174818
0.0270354580
0.0160648115
0.0578460209
0.0403329320
0.0139832757
0.0499367230
0.0186504889
0.0283994414
0.0297726579
0.0303215235
0.0007107428
0.0135391839
0.0485975035
0.0021026575
0.0057712323
0.1260370463
0.0126273809
0.0153732002
0.0044036866
0.0349699333
0.0113111343
0.0162818655
0.0271294918
0.0081947157
0.0088888509
0.0413881354
0.0110679893
0.0169296116
0.0755052790
0.2505838871
0.0223862380
0.0190775841
0.1947596967
0.0037468516
0.0475942828
0.0224803723
0.0077565825
0.0276160035
0.0224128831
0.0245524924
0.0231453069
0.0000000597
0.0136207398
0.0388073958
0.0432377234
0.0002123299
0.0268547796
0.0186513960
0.2192990035
0.0299628899
0.0283017140
0.0100048250
0.0165515002
0.0078340471
0.0101561546
0.0054793083
0.0000234738
0.0200310089
0.0084286844
0.0247860029
0.0420569889
0.1305603832
0.0070451577
0.0190827083
0.0612334125
0.0048664683
0.0343808532
0.0200184677
0.0140470350
0.0542565398
0.0033822218
0.0209963713
0.0437970236
0.0125568993
0.0169103555
0.0100377500
0.0180371217
0.0111501692
0.0251704697
0.0099932319
0.0201177914
0.0228812303
0.0264570825
0.0107747791
0.0177646838
0.0102836462
0.0358834751
0.0189049561
0.0166177917
0.0116979750
0.0212190747
0.0464427918
0.0177255534
0.0088365683
0.0293726996
0.0186358541
0.0148254205
0.0123059321
0.0321717858
0.0110177677
0.0400900096
0.0113035655
0.0068974104
0.0458072834
0.0024574660
0.0323306732
0.0455231667
0.0741159990
0.0109022558
0.0110000540
0.0000002004
0.0313217603
0.0252811071
0.0408443771
0.0143147632
0.0087245749
0.0425639041
0.0323886648
0.0363578759
0.0096062720
0.0001366633
0.0136194844
0.0310222320
0.0039364542
0.0153807066
0.0725847334
0.0961641744
0.0224539619
0.0245549604
0.0272401068
0.0132220071
0.0110509880
0.0028317929
0.0026779084
0.0274611376
0.0304102544
0.0099190632
0.0071921097
0.0027164952
0.0357419401
0.1265187413
0.0174991004
0.0079009840
0.0161418747
0.0146825509
0.0311104767
0.0202791225
0.0175639186
0.0398770869
0.0261693783
0.0048736134
0.0215475559
0.0021198320
0.0232831445
0.0225153752
0.0362721011
0.0006122497
0.0213109739
0.0095064929
0.0166807771
0.0151142310
0.0208319444
0.0190588906
0.0153688397
0.0143530015
0.0624909848
0.0461740568
0.0058106994
0.0106907962
0.0101501169
0.0837108642
0.0266587865
0.0130476579
0.0119320266
0.0094457474
0.0027906017
0.0332111493
0.0166292973
0.0060943062
0.0000010393
0.0557036400
0.0000431691
0.0230819136
0.0107388142
0.0226655547
0.0170795526
0.0243454576
0.0123495227
0.0061973729
0.0093596913
0.0746778771
0.0152809108
0.0129784523
0.0469878428
0.0120566916
0.0066919406
0.0271638446
0.0111179957
0.0051859897
0.0510106832
0.0204134006
0.0148377120
0.0449683182
0.0596424341
0.0268309135
0.0380758047
0.0119855171
0.0242389031
0.0569356605
0.0105066504
0.0170057751
0.0391069613
0.0197988562
0.0250091851
0.0351088457
0.0653729141
0.0911126211
0.0212140437
0.0092560817
0.0097737592
0.0214616675
0.0103248432
0.0053068888
0.0134089952
0.1472790390
0.0020181078
0.0063870773
0.0047637764
0.0159193613
0.0104980478
0.0140424389
0.0717298985
0.0162159819
0.0545648895
0.0471162014
0.0512634329
0.0075014057
0.0088390829
0.0356685184
0.0000269699
0.0193190724
0.0484323315
0.0237251911
0.0214936137
0.0233375095
0.0146661419
0.0252306331
0.0256733019
0.0457232445
0.0418635346
0.0225403663
0.0256450698
0.0003580301
0.0221111085
0.0096609555
0.0277226362
0.0207032058
0.0021862013
0.0192652680
0.0130449329
0.0212336555
0.0057846652
0.0095080016
0.0084400419
0.0305889286
0.0645047575
0.0389907993
0.0201636013
0.0096339751
0.0368701965
0.0391165651
0.0370171815
0.0179470461
0.0358488485
0.0448445678
0.0034239062
0.0106082829
0.0269413441
0.0159822330
0.0103774816
0.0065871528
0.0294755939
0.0083241230
0.0265558362
0.0144181773
0.0101915160
0.0183585361
0.0931503698
0.0112162484
0.0200535599
0.0095144333
0.0053241742
0.0611645095
0.0443031006
0.0217782501
0.0213294402
0.0188318733
0.0080334302
0.0096580535
0.1757742465
0.2815302610
0.1790434718
0.0000656748
0.0000321896
0.0555792674
0.0298265368
0.0112889949
0.0504698530
0.0194217507
0.0826524422
0.0096569415
0.0120388260
0.0483668856
0.0121505633
0.0417273380
0.0486012064
0.0408640727
0.0291663334
0.0201930162
0.0032307673
0.0109105473
0.0228551049
0.0283465423
0.0208499655
0.0141079742
0.0138255833
0.0102744289
0.0070314803
0.0085868370
0.0489552431
0.0000000016
0.0150422826
0.0056711449
0.0091949925
0.0714146942
0.0276354738
0.0198111478
0.0013746978
0.0491249189
0.0400344059
0.0035812433
0.0185484085
0.0322150476
0.0281190164
0.0214928128
0.0448456258
0.0646711513
0.0329580195
0.0331632011
0.0389064811
0.0369362235
0.0073005036
0.0231962930
0.0135702984
0.0105388230
0.0209224001
0.0191965196
0.0057443120
0.0360025093
0.0139789917
0.0283186603
0.0803032294
0.0068431292
0.0374093652
0.0298196934
0.0054882122
0.0121558299
0.0669408888
0.0125973569
0.0218126141
0.0079495413
0.0122474637
0.0063668098
0.0321021490
0.0000236066
0.0300653167
0.0337880179
0.0213618334
0.0063570673
0.0050223148
0.0027247027
