0.3183321655
0.0332035050
0.1297485232
0.3333532512
0.2026371211
0.1131409183
0.2481170744
0.2440403253
0.3308987021
0.1492861360
0.3220128119
0.1555349976
0.3137025237
0.1234677434
0.0548496023
0.1892171353
0.1465407908
0.0034212079
0.1409517080
0.3004823923
0.1720574498
0.3437258899
0.1264058203
0.1754308194
0.2225287110
0.0143874940
0.1227457821
0.1424890161
0.1172871813
0.0464374274
0.1313398182
0.3796511292
0.0448911749
0.1252803057
0.0105640069
0.3657128215
0.0808065906
0.0265905522
0.1522699594
0.1383014023
0.3107648194
0.0195731781
0.3700274527
0.3610982895
0.3067210913
0.3108238876
0.0604909770
0.3067828715
0.0024520119
0.0953312889
0.0858632773
0.3570204079
0.2773875594
0.2540126443
0.1158597097
0.1779975146
0.0705139264
0.0015651218
0.1568983048
0.3869468272
0.0189213566
0.0594720766
0.1435546577
0.0527705327
0.0505385771
0.1944105625
0.2732200027
0.1542917788
0.1768478453
0.2545847595
0.1442966312
0.1168271750
0.2717743516
0.0512541682
0.1431354433
0.1758733094
0.0479872823
0.1086943224
0.0561574660
0.0614808016
0.0609063059
0.3209696710
0.2353542745
0.0824611485
0.1251006275
0.2866496444
0.0779747367
0.2655269802
0.0763174966
0.1472685337
0.4047844410
0.2084755450
0.1586072296
0.0431637019
0.1705263257
0.2814895213
0.1717226058
0.1790185124
0.1254762709
0.2159471810
0.3273617625
0.3128348589
0.0632233769
0.3091914952
0.0414881296
0.3433652520
0.0928746164
0.2173477560
0.1945858598
0.1754938513
0.0817987770
0.0496503673
0.0257569943
0.3235098124
0.0509221703
0.1563571692
0.0199020151
0.0190163907
0.2589002252
0.0542347692
0.1636384875
0.1688259691
0.2910605669
0.2684958577
0.0588945150
0.2251377702
0.1096986905
0.1319925338
0.2633089721
0.2652832866
0.1290162802
0.1277253479
0.2720603347
0.1595184207
0.1746068746
0.0815623626
0.3953891695
0.6510309577
0.0041980897
0.2489065826
0.1521246582
0.1880909503
0.5598567128
0.4146490693
0.1700762659
0.3890007436
0.2358308285
0.0668243989
0.3001888096
0.2555944324
0.4693408012
0.5395123363
0.4616030455
0.0283693839
0.0166048761
0.2960697412
0.2427524775
0.2952410281
0.3512176275
0.2040490508
0.3981228769
0.2921536863
0.2231396139
0.1159352958
0.1146882176
0.2392721027
0.1658497155
0.0595713295
0.5693869591
0.0759079307
0.0126698874
0.1232927218
0.2565863729
0.2258685976
0.2053285241
0.6515245438
0.2173177600
0.4802288115
0.4190591872
0.2521333396
0.5506820083
0.0503927991
0.1845706105
0.0694377571
0.1882526278
0.2255205810
0.0332279876
0.4694658816
0.3631448448
0.0619079173
0.2579028010
0.4050072134
0.3587251902
0.1348609626
0.1607413590
0.1129390448
0.1713198572
0.4218643606
0.1414890587
0.2770827711
0.3613298535
0.3758856952
0.0029453768
0.3816423714
0.2732270062
0.3443069160
0.1393994391
0.4194214344
0.3701680005
0.0049886680
0.1301778257
0.2365865558
0.1157097891
0.3315950632
0.1669738293
0.1744955480
0.3628077507
0.2089085132
0.1291108578
0.4497115910
0.1760407984
0.3836838901
0.4983316362
0.3734291792
0.1971654445
0.0354184769
0.0147316167
0.2320638746
0.2989906669
0.3480028212
0.5157375932
0.1454127133
0.4061379433
0.4514823854
0.4996079803
0.1529754996
0.4854355454
0.4092850089
0.2257799208
0.1123623475
0.1264349073
0.5484886765
0.2002422661
0.3409044743
0.0562828779
0.1840656996
0.1415816993
0.1362299025
0.2228227556
0.4659779668
0.3320896924
0.5163785815
0.2215543538
0.3275038004
0.2646051049
0.1803194284
0.3109368384
0.3056411147
0.1721089631
0.1555708200
0.0941735730
0.3070114851
0.4607924819
0.2137276828
0.1283328533
0.0627855062
0.2398668975
0.0964817405
0.1776155382
0.1044306457
0.4088172317
0.0109802401
0.0259013083
0.1705600321
0.0438305140
0.1326152831
0.1192354634
0.1912617385
0.1754233390
0.1711033881
0.1547653377
0.0997558534
0.3276521266
0.2220481038
0.2623546422
0.1283932179
0.0450738668
0.2173635215
0.2488711476
0.2038161457
0.0548671223
0.1870488077
0.0514489897
0.2010550201
0.0542155728
0.2397541404
0.3575718403
0.0909825265
0.0779689327
0.0503219925
0.0441875495
0.0950695649
0.1793025285
0.0369577520
0.2418368459
0.1366363764
0.3723360300
0.3050709665
0.0480385683
0.1430913210
0.0350418463
0.1760798097
0.0988198370
0.0088538798
0.3694249988
0.2262880653
0.1865087599
0.2671776116
0.0312382802
0.2336072922
0.2046803832
0.2734465599
0.0859159902
0.0705740154
0.3340927064
0.1495496184
0.1837360114
0.1732542962
0.1246180907
0.0689912066
0.2889052033
0.2518177629
0.2875449955
0.0470613651
0.1760544479
0.3717874587
0.1492413878
0.3304262161
0.0358072147
0.3563986719
0.1849700063
0.0037579620
0.4168766141
0.2739068866
0.0344841927
0.0817160830
0.0131322183
0.0507263280
0.1760579050
0.1412470043
0.0622673519
0.2069621086
0.4366753101
0.0346121453
0.1877546161
0.3413787782
0.2651665807
0.1131351590
0.2834147513
0.1183231771
0.2339951992
0.0620580204
0.3162340224
0.0475620516
0.2047434896
0.0831325576
0.0085664866
0.1658474803
0.1075492352
0.1863365322
0.0943032056
0.3153771758
0.0137896761
0.1386539936
0.0800537765
0.3792746365
0.3303966224
0.0209693890
0.0719494298
0.2176766843
0.3132287562
0.3003235161
0.0605089068
0.1408074796
0.0494476072
0.2696924508
0.2934193611
0.1391597241
0.2059166133
0.2618553340
0.2412565500
0.0368767902
0.2708199620
0.1318657547
0.2140282393
0.1047510356
0.2878555059
0.1414344013
0.0656707957
0.1698036492
0.0822073072
0.2544304729
0.2670104206
0.2069414407
0.2301884294
0.1825299561
0.3217697740
0.1798050553
0.2725882828
0.3910218775
0.1544743478
0.2497252822
0.0802765563
0.1601987332
0.1446628720
0.0493092649
0.1519284397
0.3705345094
0.2491829097
0.0930338427
0.2925918102
0.1289005876
0.1611491591
0.3735291958
0.1864751428
0.2538955212
0.3272681534
0.3220441341
0.3768514693
0.0815337524
0.1513353437
0.1413549483
0.2747463584
0.1308072507
0.1553905010
0.3534859717
0.2344751656
0.2420687526
0.3140278161
0.1540525258
0.2708744407
0.1827805042
0.1876161247
0.0690619722
0.2780974805
0.1807802022
0.1458761543
0.0391516425
0.5711150169
0.5671852231
0.2023982257
0.5255007148
0.4191375971
0.2278244346
0.4306848943
0.6987109780
0.2674052715
0.5599281788
0.3521910012
0.0725012422
0.4004766345
0.1504186839
0.3886781335
0.0111250551
0.4078935385
0.2221191972
0.1389402002
0.6965568662
0.5843771100
0.1643074006
0.3987390995
0.2970755994
0.2105277330
0.4865496159
0.1830419600
0.4687371552
0.0805221498
0.3671382666
0.5541895628
0.4150230289
0.5729842186
0.4386975467
0.4927538335
0.2152730823
0.2850984633
0.5922837853
0.4379734993
0.4896988571
0.0668153539
0.1817220151
0.0613423027
0.0566497743
0.4996118546
0.1677055806
0.5826901197
0.3230263889
0.3202812076
0.0896372795
0.1277690828
0.6017006040
0.4063329995
0.3823431730
0.5290036201
0.0791294128
0.5045010448
0.0947162136
0.5261601210
0.2784210443
0.2313723713
0.1864606887
0.4093070924
0.6125085950
0.0164861344
0.1808027029
0.2668897212
0.0944058523
0.1062996387
0.1174910516
0.0268358123
0.1084214225
0.0670648143
0.0370381884
0.0527562536
0.0765647367
0.1590572447
0.1879609376
0.1311831623
0.0969434530
0.0587547719
0.1937771291
0.1723287553
0.0368968882
0.1797596663
0.0870825201
0.0627446622
0.1485517174
0.0368846841
0.1329403073
0.0169574022
0.1266543269
0.3635604680
0.0223609302
0.0921598673
0.0611948967
0.0207337067
0.1590549499
0.1070573255
0.0841592103
0.0191143434
0.2308565080
0.0290442538
0.0177152026
0.0373854116
0.0363617167
0.0296189059
0.1824210882
0.0134428740
0.0377964638
0.0755289868
0.2071079761
0.0705263615
0.1574024558
0.0924014151
0.1714340448
0.0733197704
0.1180005893
0.1248661950
0.2434693277
0.0965566859
0.0545435511
0.0553252175
0.2049539089
0.1187206432
0.0844756737
0.0221621748
0.1435565799
0.3474382162
0.4254822135
0.2620160580
0.2854850590
0.1177416071
0.3426003754
0.0886033699
0.0428726301
0.2329857796
0.0754298046
0.2787668407
0.3145022094
0.1451934278
0.1308349967
0.0606075600
0.2051681429
0.2293363959
0.3004538715
0.1081874371
0.1591631919
0.2962892354
0.2305450290
0.0206769519
0.0434291437
0.1864106208
0.1888452172
0.3642836213
0.1817306876
0.0445223339
0.3681950867
0.2387167513
0.1737553328
0.2940016985
0.3987408578
0.1821833849
0.2860117853
0.1019292176
0.4030213058
0.3070940375
0.2234421968
0.0089237988
0.3597863317
0.3670960069
0.1211870760
0.2684623003
0.0965818241
0.1497551203
0.2150584608
0.1185898408
0.0957758799
0.3199333251
0.1472164392
0.0948655456
0.1238910258
0.1765341461
0.1731365025
0.2823043168
0.1761795729
0.2979360521
0.0958449244
0.0777654797
0.2039169371
0.2150013745
0.4303814471
0.0691290349
0.2347150743
0.2104918361
0.1315515935
0.0544647239
0.2047916353
0.1457144767
0.0975496694
0.1232657656
0.0262107011
0.2853404582
0.2099004090
0.1994173676
0.0381452963
0.1230732277
0.3260546029
0.2965003252
0.2554305792
0.1353854686
0.0641105324
0.1021633074
0.2250963748
0.0873389244
0.1115795746
0.0968974456
0.1309345663
0.3346194327
0.1195910797
0.1486245394
0.0192394946
0.0321479887
0.0848480016
0.0525282472
0.0487593561
0.0549219325
0.3271922767
0.0671754107
0.1161407158
0.0858449042
0.1572617590
0.0843660682
0.0745622516
0.3286625743
0.1829251945
0.1445111334
0.2061807066
0.1011023149
0.1973238885
0.1400775760
0.0377099365
0.0221685432
0.1727078855
0.0525488742
0.2963148952
0.0532100983
0.2057134956
0.3711472452
0.2381607443
0.0960522965
0.1163424253
0.2072499990
0.2724272311
0.0555069856
0.0866121426
0.1816213429
0.2907924056
0.3683593869
0.2134167254
0.0966896713
0.1751950830
0.0083441855
0.1007616967
0.1388172358
0.1793573350
0.0277884789
0.2372594029
0.4484171569
0.5051374435
0.2283002585
0.1813060641
0.1553508937
0.2369930744
0.1491790265
0.4442515373
0.2217286378
0.3188112974
0.1638356596
0.0234059785
0.4916366339
0.2901846170
0.2666132748
0.3224902451
0.3432340324
0.3515965044
0.0473059006
0.3717300594
0.1414189786
0.0715460256
0.2754503191
0.0901822001
0.3597171903
0.4809240401
0.1623668820
0.0657412335
0.4654388428
0.2795504630
0.1595849395
0.0096745556
0.1954091787
0.4593231082
0.3109392524
0.2021162510
0.0155946454
0.3308222890
0.1727532595
0.1734822989
0.3356937468
0.0763050318
0.2559313178
0.1291248202
0.1401362270
0.2823953629
0.3933026791
0.1597631127
0.0851771683
0.3524471521
0.3442190886
0.0639601797
0.0372276530
0.4049985707
0.1875528246
0.1901548356
0.1867489070
0.4172619581
0.1514926553
0.2099379897
0.0803218558
0.4241317809
0.3371339142
0.4729357958
0.3009309471
0.3274734318
0.5290874839
0.1574910134
0.3717179298
0.0002878977
0.0635801256
0.3849304020
0.0553160384
0.3456629813
0.1693860590
0.0863696113
0.4540099204
0.0941390991
0.1311167181
0.1088032052
0.4828632772
0.3024777770
0.3045809567
0.1331446469
0.5126861930
0.1046380401
0.0856567025
0.1181359887
0.0283290874
0.2856090069
0.3055780530
0.2478610128
0.2459621727
0.5265414715
0.2398160249
0.5381106734
0.0295909494
0.2661023140
0.4360662401
0.3698915243
0.2496840805
0.0010798841
0.1346716881
0.0001979655
0.0665983260
0.3429364264
0.4777415097
0.1071796715
0.3432793319
0.1026061475
0.2704236805
0.4699581265
0.3689194322
0.5343342423
0.1577681601
0.1471848041
0.1594772786
0.1462765634
0.1966846883
0.0176035222
0.0286325980
0.1923934817
0.3152002692
0.1551308632
0.0408133976
0.1255879849
0.1092387512
0.2041600794
0.2297953814
0.2706870139
0.0538051091
0.2185780555
0.2750822604
0.1504326165
0.3168088198
0.0228796043
0.2987330556
0.1775715947
0.0378944203
0.2984555066
0.2094695121
0.4260044694
0.1365415007
0.1369165629
0.2655967474
0.0967197120
0.1465638131
0.0064929868
0.1317707151
0.4163021445
0.2531388998
0.4211939275
0.0083220294
0.2254910916
0.0984835029
0.0734440312
0.3015016019
0.1465522349
0.0828541517
0.3121963441
0.1307520121
0.0326230973
0.1375134140
0.0503015034
0.0173874740
0.2640165687
0.1959000379
0.0736446977
0.0061868918
0.0671256185
0.1114843860
0.0821302980
0.2848151326
0.0730492696
0.1109888479
0.0646704286
0.1076980755
0.1447941214
0.1969104856
0.2980498374
0.2920358479
0.0205981620
0.0289943870
0.0710214600
0.0456294902
0.2010095567
0.1904431731
0.3332206011
0.0393952765
0.3840997517
0.0272122175
0.0133359982
0.0811781362
0.0995898247
0.0829207227
0.0163672753
0.0736502036
0.1709117591
0.3214564025
0.0955715775
0.1115319878
0.0741426945
0.0480517410
0.1052460298
0.0225525089
0.4337319434
0.0293566845
0.0908802226
0.0462270193
0.0627227947
0.1093856767
0.0501562878
0.0941528305
0.0151479272
0.0925592929
0.0826568753
0.1002686620
0.0911159590
0.0740804672
0.1662559807
0.0498432927
0.1601042598
0.0329276659
0.0286688767
0.0959692895
0.1870322824
0.1749290675
0.0367475934
0.1396434605
0.0516688451
0.0381396636
0.0353082940
0.0899719298
0.2413772345
0.0808044672
0.1027387232
0.0991879851
0.0690508187
0.0917241648
0.0447859950
0.0903619230
0.1155871153
0.1304485649
0.1594964564
0.3440823555
0.0452604890
0.0895512030
0.2024336159
0.1092357561
0.3707948029
0.3358716071
0.0280330982
0.1354553998
0.2789946198
0.0839433596
0.1394593120
0.1243300512
0.4271048009
0.4298285544
0.3401187360
0.2513526976
0.2707119584
0.1116677672
0.3450407386
0.2029438168
0.0972259194
0.3699487746
0.5396761298
0.2898592353
0.1689942479
0.1221565977
0.3922562599
0.2785150707
0.0202517491
0.2035460919
0.1997276545
0.2671427131
0.3356297612
0.0560884848
0.5223818421
0.0151070068
0.3040872514
0.2151226997
0.0501727797
0.3053613305
0.0171756130
0.1025642529
0.1211531907
0.3606750071
0.0516103022
0.1278875917
0.1268161833
0.4081844389
0.3109983206
0.1672426164
0.0205487199
0.2521364689
0.2691622972
0.2329322547
0.0593315698
0.3031399250
0.3613370359
0.2327250987
0.0618436933
0.0437606052
0.0767815709
0.0839671567
0.2286614478
0.3299761713
0.2662350237
0.0477592461
0.3305768371
0.3189642727
0.3343731165
0.1867779195
0.3900113106
0.1861722767
0.0649092868
0.3643319607
0.5260366201
0.3967137337
0.2894960642
0.1585992724
0.0454154462
0.0909918025
0.2018213272
0.4419121444
0.0834126249
0.0371917784
0.3883598149
0.1096678525
0.3851786256
0.3177582622
0.3249305189
0.1512248367
0.1860074848
0.3426526189
0.1873168498
0.2459584624
0.0962585062
0.4331177771
0.0772055835
0.2608711720
0.2943938971
0.0797634572
0.2358920127
0.4094172716
0.0820551887
0.4227194190
0.0330998562
0.2163655609
0.1735840589
0.1819293797
0.2582432926
0.1227040142
0.0900359750
0.5348754525
0.1860430837
0.3699033260
0.3516535461
0.4809436798
0.1733517498
0.3399140239
0.1083339602
0.2647617459
0.3881388307
0.5380499959
0.2950577140
0.3590385616
0.5013025999
0.1656500548
0.2554194331
0.1655525416
0.2813179791
0.0590928756
0.0062027993
0.2311211377
0.0353942327
0.1440467536
0.1679139584
0.0318867825
0.2871897817
0.1044720560
0.3210712075
0.3357810974
0.0837877616
0.0002257110
0.0727687851
0.1127627417
0.3095934987
0.1948361844
0.3662464321
0.0438214056
0.3355827630
0.1663619429
0.2638518214
0.0954629257
0.1639842391
0.3046810925
0.4286496341
0.2343609780
0.2562338114
0.0931995362
0.0256434567
0.3518483937
0.2596143782
0.2217313051
0.2253763378
0.1444844902
0.3547008336
0.1808861941
0.1077361852
0.2783097923
0.2157944292
0.3165156543
0.2345361561
0.0431245901
0.1771250665
0.1137623861
0.0266186092
0.1963741183
0.3220178187
0.2719279826
0.1771794409
0.1271838546
0.1251676828
0.1489317268
0.0882497206
0.0109182736
0.1565562934
0.0368827693
0.2648176849
0.3723660111
0.2032712996
0.0754612237
0.0625772104
0.1621846855
0.3045765758
0.1148944870
0.1624706239
0.3975565135
0.0931063071
0.2123266309
0.1712272465
0.5095723271
0.0389637128
0.3099456728
0.1573982984
0.2933759093
0.2446968704
0.2955403030
0.1394810379
0.3486649990
0.2076606750
0.2719143629
0.0417806283
0.3489738703
0.1670874357
0.0420778580
0.0920926854
0.2076294422
0.1593985260
0.1051417738
0.0687692389
0.4732753038
0.2779919207
0.0073103351
0.1317751557
0.3946450055
0.2103023827
0.2541132271
0.4107358158
0.2572933435
0.1249775961
0.3406606317
0.2222182602
0.4522760808
0.1718764156
0.6765683293
0.2577392459
0.4279554486
0.1515073031
0.0418584682
0.3198006153
0.0586088262
0.2593555152
0.1533640772
0.2096842527
0.0543478765
0.1062912568
0.1900798380
0.1810216457
0.0311974715
0.1986080259
0.1192996055
0.0728284717
0.1382973045
0.0733588710
0.2559968233
0.1068111733
0.2061176300
0.4626767635
0.2728725672
0.1632328779
0.1006418988
0.3570154905
0.0153475618
0.0625690445
0.2274265140
0.2011677474
0.0918322355
0.0788478553
0.0158655103
0.3053241670
0.0990675166
0.2514856458
0.3009125888
0.0737331882
0.1272531003
0.1468413174
0.1226851195
0.1760484427
0.3120178580
0.0589534827
0.3086315691
0.4086167216
0.1190464050
0.3179844320
0.1079228893
0.0669025704
0.0987107605
0.1691836566
0.1059355438
0.1958304197
0.0172296837
0.1173993647
0.1158379465
0.2733864784
0.2490139902
0.2606437802
0.2189324796
0.0794839039
0.2029391825
0.0844486356
0.3672283590
0.2788313627
0.1612142175
0.0651820451
0.3080349863
0.3835081756
0.0591181479
0.2387281954
0.4667025208
0.1104465127
0.0860878602
0.3802009523
0.0273496918
0.1116452515
0.0464879721
0.1627454758
0.4050901532
0.1260120124
0.0552538745
0.2821272314
0.2243252397
0.2893680632
0.2594676018
0.2661203146
0.1016863212
0.0923765525
0.3064334989
0.0796089545
0.0776097029
0.0130953817
0.0886079744
0.0160050392
0.2476430386
0.0761052743
0.1090339497
0.0727750361
0.0643662885
0.2142762840
0.1242653355
0.5276226401
0.1987631768
0.1378880292
0.3225509226
0.2432282567
0.2834837437
0.1245665699
0.3841502666
0.3974336386
0.0743461549
0.2796452045
0.1012782231
0.0393996984
0.1100901142
0.1634343863
0.0190494563
0.3021513224
0.1201891974
0.1789565384
0.0637833253
0.1866956353
0.1656382531
0.0374309309
0.3777310252
0.3003313541
0.1916973740
0.0337500498
0.0303002279
0.1703365743
0.3288711011
0.2184203416
0.0950450078
0.3062487841
0.0399696529
0.2635771632
0.2675117254
0.0436143428
0.2741264105
0.1405572444
0.2787273228
0.0782524943
0.1414539218
0.2310632169
0.0593609624
0.1735068858
0.0803619847
0.0686758533
0.1225901097
0.0940398127
0.4703428447
0.2132286280
0.1094538420
0.4258292019
0.0014821670
0.3050931692
0.2446428835
0.1696333736
0.1464673132
0.2639588416
0.3568008244
0.0602904856
0.2841876149
0.2239129394
0.0185613073
0.2850241661
0.4309308231
0.0721588656
0.1017851532
0.1380197704
0.1986800283
0.0149862701
0.2131288052
0.2929716706
0.1074773148
0.1724106967
0.4812802970
0.2944822609
0.3663794398
0.4209016263
0.2455925643
0.2733847201
0.2438307852
0.1322483271
0.2663519979
0.4191172719
0.1267786473
0.1904736161
0.1933714747
0.1159481555
0.0501785390
0.0782969147
0.3136551678
0.2755278647
0.0177604891
0.3105180264
0.2988770902
0.1420589685
0.1308875233
0.2706110775
0.1593883932
0.0239245705
0.0449872948
0.1746850610
0.2878154814
0.1814866513
0.1180790290
0.1579553634
0.2959191203
0.3102647364
0.4305799305
0.2751475275
0.4726362824
0.2307423353
0.2238850147
0.3735638857
0.3846672177
0.5194364786
0.0182797611
0.4100829661
0.0383419618
0.4426079988
0.3933723271
0.0881801844
0.1910844892
0.2484064996
0.4015721977
0.4533068240
0.4611989856
0.1570792645
0.3240835965
0.1389474124
0.1419263333
0.1285036206
0.4845424294
0.3751693368
0.1553001851
0.2338892967
0.3786751032
0.2157674730
0.1465640962
0.5793823600
0.1903679520
0.4232392013
0.0858167857
0.2861643434
0.3401896656
0.1286886334
0.1592243016
0.0076319324
0.4893338978
0.2634720206
0.2955550551
0.0905099288
0.1929752827
0.4743534625
0.0766574070
0.1216202825
0.0468991734
0.1393901706
0.3989913166
0.0416822433
0.3856931627
0.2930449247
0.3855368495
0.0715948120
0.1473429203
0.4397187531
0.1029443890
0.3198781013
0.1415912062
0.2790931463
0.2875700891
0.2791824639
0.1267922968
0.2402710468
0.0979469791
0.1032501608
0.1840504110
0.0757013783
0.0759223849
0.0851175338
0.3928502202
0.0489574783
0.2354385555
0.3064572513
0.0655783415
0.3468344510
0.0379684083
0.5460885167
0.3664465547
0.0116520170
0.1114178821
0.0270061195
0.0931206867
0.1716192961
0.3122751415
0.3845113516
0.2029112428
0.3076441586
0.2909477651
0.1532558203
0.2783125341
0.2944020331
0.1288467348
0.2662504017
0.0440398231
0.1406343579
0.1859472990
0.1703064442
0.2701796591
0.1571879536
0.4119620323
0.2660990655
0.2288406193
0.4026668668
0.2123237699
0.2506527603
0.0770935938
0.1636375338
0.3884646297
0.2761578262
0.3544773161
0.1066455469
0.0742080361
0.2964421809
0.0789092481
0.1214206815
0.2314285189
0.1058400720
0.0942487717
0.1600966603
0.0538989082
0.0257704314
0.0743693411
0.0858230367
0.0101190712
0.0598984621
0.1921006888
0.0973861665
0.1588525474
0.5544301271
0.1861331314
0.3877665699
0.3256442249
0.4120706618
0.2606742978
0.5318711996
0.1538637131
0.3637546301
0.1950039119
0.3512901962
0.5231705308
0.0546286255
0.3694506586
0.4493739009
0.4787649810
0.5879642367
0.2585626245
0.4685531259
0.4405100942
0.4928019643
0.5046934485
0.4363430142
0.5163870454
0.1854097098
0.3040119410
0.4796144366
0.2997125685
0.6117350459
0.3416564167
0.4131686985
0.5300459266
0.3820672035
0.5359552503
0.0331468768
0.1143571809
0.3421996236
0.1503861099
0.1657887548
0.3049205244
0.4366861284
0.5500371456
0.3702159226
0.6261507273
0.4195495546
0.4202223122
0.4416821599
0.0658929646
0.4263395667
0.2741546035
0.1717263460
0.2374424785
0.4429234266
0.2376836687
0.5345291495
0.4036776125
0.5130209327
0.5086759925
0.3061048388
0.1152946204
0.4385658205
0.0813166723
0.1109190807
0.0543185435
0.1041833013
0.3522576094
0.0631012097
0.0258161929
0.1480038315
0.0219088607
0.1599242240
0.0952679738
0.0979635343
0.0896512866
0.0351720378
0.1164015904
0.0373728685
0.0436500385
0.0322642922
0.0983677581
0.0240029190
0.1133655980
0.1727618575
0.1363166720
0.0201551672
0.2008759230
0.0160452276
0.2886705995
0.1316970438
0.1300923973
0.0617568530
0.1273180693
0.1137223989
0.0804859549
0.1152646020
0.1300861686
0.1072829142
0.1288022399
0.0936677456
0.1225642338
0.0214940105
0.0437716916
0.1345869452
0.1187863871
0.0796423927
0.0256130341
0.4414291680
0.0079875486
0.1462640911
0.1076183692
0.0579170212
0.0081893196
0.0696765110
0.4744171500
0.0511180200
0.1002834216
0.2015721500
0.2136133015
0.1919247508
0.0406125598
0.0711645484
0.0929951817
0.1346873492
0.0605802201
0.0837277249
0.0841573030
0.1788963377
0.0889670104
0.2319757342
0.2658202052
0.3200043440
0.3491243124
0.3147310615
0.4222563803
0.0713890642
0.0468150526
0.0485016145
0.0183763374
0.1781585068
0.1452996135
0.0841000006
0.2582414746
0.1539551765
0.2858362794
0.2901886404
0.2332856655
0.3842269480
0.0734364241
0.1314560026
0.0016087689
0.1279044449
0.1132240668
0.2519254684
0.2013216615
0.0937687755
0.0728545561
0.3959770501
0.0848183110
0.2303597629
0.1753101051
0.1584526896
0.0687668845
0.0745993257
0.0849808156
0.0536757633
0.1734035909
0.0783847719
0.2291383445
0.2217652649
0.3715489507
0.2327057868
0.1560516655
0.1297023147
0.0409817249
0.0533708706
0.1430055052
0.3279416561
0.1948825717
0.1059645042
0.4842604697
0.1353541911
0.2570936978
0.1151136905
0.2467384487
0.0988375098
0.0811951831
0.0892576426
0.1281935871
0.3299708366
0.0417569317
0.1291753501
0.3418825567
0.3429107070
0.1031143963
0.2540405095
0.1165171191
0.4186100066
0.0711702853
0.2453780770
0.0636142418
0.0786763877
0.1028617695
0.2879430950
0.2635565102
0.2203704715
0.1188890263
0.1810821146
0.1902521104
0.3092672229
0.2920123041
0.0848336071
0.2857196629
0.0583141446
0.0917776003
0.0517050326
0.2767532468
0.3081403077
0.2613792419
0.2819392681
0.2771785855
0.3141725063
0.2012083530
0.2517071664
0.1438353211
0.0098646786
0.3765992522
0.3449483216
0.0360489786
0.2921663523
0.2460383922
0.1775425076
0.2938497961
0.0081588645
0.1837272048
0.3630946875
0.2229207605
0.1206621155
0.0879926533
0.3549086452
0.2023512274
0.0010553226
0.2711070776
0.1702384353
0.0614636913
0.1260733902
0.1305132806
0.0703131706
0.1856310070
0.3211787641
0.5135851502
0.0546715856
0.1767276824
0.1445998847
0.1348327547
0.1018622071
0.0123390350
0.2719975114
0.0885667503
0.0756169483
0.1252370030
0.2593719959
0.0091363881
0.2313642353
0.1054546610
0.1306508332
0.1385995597
0.2781567872
0.1516070366
0.0464787558
0.2958698571
0.3394858241
0.0090850331
0.2549032569
0.1845062077
0.3849908412
0.3729673922
0.0940048620
0.2602235377
0.0841875896
0.4506660700
0.2788089216
0.1628201455
0.1399029642
0.2155231237
0.3178212345
0.1233927011
0.0994664133
0.4764512777
0.1991435289
0.1463996917
0.1926559508
0.0673801377
0.2552447021
0.1120025292
0.0965055823
0.3191125989
0.1832868457
0.1260794848
0.1588374227
0.1136042178
0.0578743033
0.0127399815
0.3139922321
0.1859880239
0.1445357800
0.0728518069
0.2040242255
0.3271026015
0.1738604307
0.0388284512
0.1826887131
0.0094461981
0.3053366244
0.3167370856
0.2353985012
0.2549016476
0.2683701515
0.2132067084
0.3663269579
0.0436470509
0.2763025463
0.1327930838
0.0173718315
0.0617799200
0.0545555167
0.2214746326
0.2678628266
0.2109224796
0.3407100737
0.3105192184
0.0662970543
0.0755614638
0.4353404939
0.4828235805
0.1737976521
0.0416261442
0.1759544909
0.3262283504
0.0988089219
0.4307191968
0.0342561863
0.1473095715
0.1353770196
0.0404760353
0.0969384611
0.2294518650
0.0453198776
0.0499385335
0.2267820984
0.1338813007
0.5167632103
0.2248866409
0.1539911479
0.0478418246
0.0720941797
0.0404626690
0.0666598529
0.2273531258
0.0577451028
0.2244126648
0.0317683071
0.1122763231
0.2044282407
0.3027429581
0.2255790532
0.0860656425
0.2449855804
0.1289533377
0.1320787221
0.0567367598
0.2430065125
0.2262932211
0.1881453991
0.1671793312
0.0799406543
0.1715337932
0.1053873301
0.1263799816
0.0847425759
0.0305068903
0.2886795402
0.0530058593
0.1074538231
0.3524571359
0.0183993354
0.1457086802
0.4479967356
0.1814984083
0.2009149194
0.3020934761
0.2260488570
0.2036385089
0.2625263035
0.2007029951
0.0163091328
0.0752638280
0.0899479985
0.0536707528
0.1021219790
0.2782284319
0.2954152226
0.2970165312
0.2331888080
0.0175971985
0.2419252247
0.0774837509
0.0736654177
0.1168680117
0.2098908722
0.1484483182
0.1053597778
0.1159578487
0.1401505023
0.0686832219
0.6550592780
0.4485224783
0.0737745911
0.2922438085
0.1798657328
0.2838196158
0.0465790033
0.0782644004
0.2731025219
0.1172050834
0.1041233093
0.2149461359
0.1142346412
0.3191548884
0.2768151164
0.1243912727
0.2135596126
0.3455260992
0.1046388000
0.1795964092
0.2972573042
0.1454555690
0.3030090630
0.4191066027
0.0528905839
0.0331497490
0.0841813609
0.2691638470
0.1319480240
0.1433509737
0.0373323634
0.1842582077
0.0725240931
0.0893952772
0.3192267716
0.1090504900
0.2646493614
0.3094191849
0.0350464657
0.2188005596
0.4578127861
0.2921974659
0.0702703521
0.0329998508
0.1216025949
0.1052026749
0.0422605164
0.3352746367
0.3409979939
0.1984173805
0.1291583925
0.1127811521
0.0184171274
0.2080564499
0.3348773122
0.3282699883
0.2743042409
0.1994261146
0.0913583264
0.1642293036
0.0609052926
0.3426113725
0.4000103772
0.0471490584
0.3270960748
0.2860384285
0.2058922946
0.1502443999
0.2092925608
0.0774398446
0.0379781872
0.1460661888
0.4910459220
0.1481684595
0.1312559843
0.0654608458
0.1819672436
0.3413861096
0.2013962716
0.3520568013
0.4211312532
0.4947045445
0.2806467712
0.3523361087
0.2730518579
0.3480027020
0.2298684120
0.3455667496
0.2591936290
0.0757767409
0.2728643715
0.2837019265
0.1253213286
0.3830128908
0.6201856136
0.1886116117
0.0796030685
0.3827629089
0.1892880350
0.0939619839
0.2448272407
0.3293876648
0.1427803487
0.5411046743
0.1789727360
0.2110874206
0.2090914398
0.3816729784
0.2084191293
0.2011072338
0.3095813990
0.2317523509
0.5171942711
0.2339287996
0.0613944083
0.3470565677
0.1258231103
0.0496795587
0.3467274606
0.0473880582
0.0320228972
0.1895743757
0.0946896821
0.2921927869
0.3270027339
0.2543108463
0.0353387035
0.2453041822
0.1347697973
0.4267584085
0.3423689604
0.3022989333
0.2586388886
0.0621708408
0.1790514439
0.2170368731
0.3212895393
0.1279079318
0.0088114673
0.1193915904
0.3812759519
0.3154719472
0.1974889040
0.3296295404
0.0494780205
0.1595938057
0.1626660526
0.3097927570
0.1080232114
0.2710524797
0.2227723747
0.0630578026
0.0728280544
0.2405170053
0.1274311543
0.2957805693
0.1368655264
0.3011429012
0.3275610209
0.0004585589
0.4214433730
0.6063054204
0.4257178307
0.1783895046
0.0001613006
0.2701388896
0.2796987593
0.5584400296
0.2634466588
0.6391327977
0.2559483647
0.5698641539
0.6401053667
0.2181292772
0.0413306206
0.6101647019
0.6376569271
0.5778554678
0.4047977626
0.3059626818
0.2979322374
0.3455786407
0.6535650492
0.5666372776
0.3463592529
0.5986588597
0.4579332471
0.6037702560
0.6811573505
0.1755072623
0.2492019534
0.6088702679
0.5882198811
0.1859595329
0.4420245886
0.5135000944
0.1209816784
0.7297509909
0.6456095576
0.4002424479
0.2160856873
0.1549782157
0.7320531011
0.3087848425
0.6155280471
0.5640166402
0.3559809029
0.3498677909
0.0647168681
0.1499442309
0.7017785907
0.4287763536
0.4304990470
0.2580279410
0.4956940114
0.3833872676
0.2522245944
0.3084055185
0.7320052981
0.4547978342
0.7179144621
0.6372110248
0.6774283648
0.0756663755
0.1670937389
0.0422910675
0.0668866858
0.2065005600
0.4079785943
0.2738076150
0.1273132265
0.2281789333
0.1865765601
0.0347721800
0.0662261024
0.2412743121
0.2358617187
0.1736152172
0.1474770904
0.1403190941
0.1595179290
0.0798563957
0.1044772789
0.3066101968
0.1144920886
0.0124912588
0.1522507370
0.1280585825
0.1602836400
0.2030531913
0.1050787568
0.0318242162
0.2127546519
0.0736611187
0.1719084829
0.0832801238
0.1840689927
0.0887546837
0.0484108776
0.3650060892
0.1345808059
0.0179778580
0.0658579618
0.1733049452
0.2167887092
0.2270787805
0.2833101451
0.0564876832
0.0472100601
0.1530198753
0.0484156460
0.0360658541
0.3750478327
0.1203705296
0.0809854195
0.1896887720
0.2127611786
0.0798928440
0.1929419041
0.1951273978
0.1810902208
0.2075675428
0.0649272725
0.3209110796
0.0198056623
0.2907459140
0.0391360037
0.1523684412
0.0513240285
0.1511805356
0.1487865448
0.2781482935
0.1184227765
0.3019140065
0.2129780203
0.0856130719
0.1204136163
0.0893123969
0.3159760535
0.2425561100
0.2610101402
0.0118857203
0.0213180799
0.1090862080
0.2720414400
0.0259507634
0.0748019516
0.1985122859
0.3326928616
0.2150573134
0.3196637034
0.3102017045
0.3858298659
0.2514973283
0.3211739957
0.0771558359
0.1764595360
0.1657799929
0.1816579998
0.2534712851
0.1377249807
0.3715119660
0.2548789680
0.2253583074
0.3116482496
0.0704770982
0.3693849742
0.3961584568
0.1026978716
0.0690371171
0.2724055648
0.2401706129
0.3146902621
0.3837648928
0.0262286663
0.2640450895
0.1268465072
0.1020212397
0.2504167855
0.4281844497
0.0432677492
0.2879002690
0.0464220941
0.1711636931
0.1966522336
0.2207936943
0.2798834145
0.0766128451
0.0403667763
0.2051927894
0.0343977176
0.0811391845
0.1330014616
0.1695019752
0.1381573528
0.1852012873
0.0876627490
0.0991783515
0.0696614310
0.0189979058
0.0950330645
0.0416730829
0.0946192294
0.0607423522
0.0805288404
0.1194713339
0.0682856292
0.0638362244
0.1085204706
0.0896862969
0.1403739750
0.2441712320
0.0551901348
0.1309764385
0.0740266293
0.1360997260
0.2671302259
0.1237027049
0.2222858965
0.0888497233
0.0954552665
0.0520609990
0.1109038889
0.0837958828
0.0363630466
0.1241108552
0.0896719918
0.0259106811
0.1400658786
0.0308158007
0.1506064832
0.1511318237
0.0809855685
0.1028333157
0.0940354019
0.1299029291
0.0390602313
0.0570413135
0.1069320813
0.0758340806
0.0365748666
0.1316726208
0.0803524628
0.0348817222
0.1194040701
0.0956439152
0.1232661679
0.0404357798
0.0313759297
0.0636421144
0.0357146636
0.0469711497
0.1826046407
0.0809991583
0.0759123340
0.2215999067
0.3246014714
0.0737684965
0.3399573565
0.3271006346
0.1734340787
0.1605512202
0.1984688044
0.0418261141
0.2231450677
0.3409588039
0.3324828446
0.1906832010
0.0706034824
0.1979896575
0.2004458606
0.0733767673
0.0195329208
0.1659750044
0.3082609475
0.2698522508
0.0877068266
0.1010897532
0.0530643910
0.0353206769
0.0713421032
0.1505936682
0.1410001963
0.1435143799
0.4263471067
0.1599332541
0.3241348267
0.0739421993
0.2985812426
0.1232793853
0.1714040041
0.1201024726
0.1843826920
0.1686194092
0.0257166866
0.0817870349
0.2832309902
0.0221006311
0.0547636524
0.0236967076
0.3042874336
0.1874638051
0.0419766195
0.1982709020
0.2705178559
0.1948125809
0.1407307684
0.3740476072
0.0974183977
0.1148191988
0.2444969416
0.1621018201
0.1499245912
0.3733185530
0.0475713648
0.2064716518
0.2259262651
0.1534045488
0.3197865784
0.0023856813
0.0246622246
0.0237187911
0.3655772805
0.2556083202
0.1892382801
0.1726716906
0.4661797583
0.3278019130
0.0966865048
0.3452293873
0.3444546163
0.2039192468
0.0338105671
0.0576438941
0.3850624561
0.3004280627
0.3580628037
0.1504724473
0.1808520257
0.1042940170
0.2744275033
0.1825663894
0.3525457382
0.5531656146
0.2658905089
0.2864163518
0.1744954288
0.3781096935
0.1456409991
0.1124955267
0.4247904122
0.2629878819
0.3571516871
0.3194741607
0.0825326219
0.2144440711
0.3612231910
0.2780889869
0.3784789741
0.1957795769
0.0569860414
0.1527134031
0.0884006992
0.1119781062
0.2582260072
0.2585826516
0.3359049559
0.0738277286
0.0437691435
0.0484100617
0.0839350298
0.0092611201
0.2110065222
0.1213016137
0.2115827203
0.2564513981
0.3389782608
0.3972593546
0.0158589017
0.3165279329
0.2427318841
0.0340459347
0.2156222165
0.3551428616
0.1523627192
0.2992507219
0.0243445355
0.2655028701
0.2211101055
0.1758663207
0.2177102119
0.1182271540
0.1699652076
0.3932899833
0.0649108663
0.1926979125
0.0224910900
0.3289088011
0.2102854550
0.3698371649
0.1419024765
0.1889795363
0.3085840046
0.1583021432
0.2656091154
0.4119811356
0.2964941561
0.2367522568
0.3335021138
0.2818179727
0.2958014607
0.3228701055
0.1750576943
0.2593056262
0.0239051245
0.2243033051
0.1881514788
0.3262604475
0.2759735882
0.0710983723
0.2700101733
0.2635260522
0.1746271849
0.3273946941
0.1417782903
0.2660053968
0.1185677722
0.3186841607
0.3233477771
0.1272685677
0.0463008247
0.3216089010
0.1248245463
0.1402135342
0.2779487967
0.0314589217
0.2998826802
0.0759420544
0.5241475701
0.1317141354
0.2849209905
0.1162895635
0.1658796519
0.0392538048
0.2750648856
0.1203151643
0.2910521924
0.3431696594
0.1608682275
0.5805553794
0.8045390248
0.7217682600
0.6880254149
0.5727840066
0.6551932693
0.0829092190
0.8350048065
0.7432118058
0.5088885427
0.7098392248
0.3281985223
0.6404626369
0.6819647551
0.0203697346
0.6340721250
0.7179457545
0.5063377023
0.8153471947
0.2198147625
0.7619193792
0.3168073595
0.7643049955
0.3245912492
0.5191841722
0.7583561540
0.5079317093
0.7985669971
0.7071787715
0.6616830826
0.7579174638
0.7280668020
0.4523122311
0.7645211816
0.6470991969
0.3707261086
0.4738720357
0.7236608267
0.2461626232
0.8058037758
0.1935387105
0.3442375362
0.0301588941
0.3959515691
0.7338482141
0.4623400867
0.0050414950
0.5788950324
0.5979015827
0.3648127615
0.0000752702
0.6589344144
0.7403199077
0.5876004696
0.6756470799
0.7717645168
0.5849450827
0.3191623688
0.8500891924
0.8453031778
0.7082214952
0.4744509459
0.1951600164
0.2904723287
0.1527402848
0.3744641840
0.0470396206
0.0496399291
0.0655174777
0.0635975525
0.1261458844
0.4006309211
0.0874958411
0.2667687237
0.4550948143
0.2363113314
0.2064094245
0.4550209641
0.4625785351
0.4990155399
0.2804936767
0.1497966945
0.1353703737
0.2907229066
0.1366137564
0.2342484593
0.0641943589
0.3217640817
0.3377631903
0.4898734093
0.1163544580
0.1886954457
0.3169286549
0.1858589053
0.2742280364
0.0671032742
0.2783436775
0.2558822036
0.4152567685
0.1177539378
0.1995613277
0.2038879246
0.4831262529
0.1522078663
0.3535442054
0.1308577508
0.6277773976
0.1212691739
0.3801870942
0.1356746107
0.2949218452
0.1921117455
0.2905190587
0.0118438983
0.3084198236
0.0312145017
0.2991072536
0.2508818209
0.2037774920
0.3748617172
0.3189224899
0.4448836148
0.1339775920
0.2549953461
0.4513575435
0.0999996066
0.1190183535
0.1439277381
0.1470960081
0.0362485982
0.1201840192
0.1695871353
0.0426358692
0.4405390918
0.0637244806
0.2001175582
0.2754459083
0.1948676705
0.2627231479
0.2961558998
0.1984342486
0.1315940768
0.3547254801
0.0817383081
0.3163107634
0.1459883451
0.1666235924
0.1706389785
0.2207292169
0.0950927436
0.1118097007
0.0547148809
0.0088156490
0.2258526385
0.4062424600
0.3889745474
0.1050071493
0.3691846430
0.0043360451
0.1855522692
0.3121482730
0.2211070806
0.5170211792
0.2363132983
0.1741998494
0.1627386510
0.3796585202
0.0375800356
0.0719622597
0.1105734631
0.0862274319
0.2863507867
0.1263677031
0.0418218933
0.1240996346
0.1366149932
0.0304192603
0.1114673242
0.1186529547
0.2720247507
0.2731239200
0.1752720922
0.0428083725
0.2993799746
0.1089487225
0.0426990502
0.2461953461
0.0084196590
0.2542122006
0.3370921910
0.0981261283
0.0902042687
0.2643745542
0.2171767205
0.0503665768
0.0472786985
0.0571835600
0.2007677853
0.3068698347
0.0625651628
0.3454406559
0.0465982370
0.0681222528
0.1624102741
0.1300750077
0.2037671357
0.0580397025
0.1364575028
0.2812775970
0.3904187679
0.2330777496
0.1008030772
0.3278981149
0.2373677939
0.2062471360
0.1994515061
0.1609602869
0.1805928946
0.2623561919
0.2394752949
0.2219106257
0.1705877781
0.3036986589
0.2748933136
0.2588328421
0.2478494048
0.2438393533
0.0824185386
0.3223004937
0.0068400875
0.0607843995
0.0683484674
0.0549436994
0.1713941842
0.1440711766
0.3170952201
0.3288817406
0.1333624274
0.0560257472
0.0953159034
0.3998004496
0.3432447314
0.1376548558
0.0816819891
0.2725383937
0.1354064345
0.4293780625
0.2403796166
0.1507360339
0.1440847963
0.0983253792
0.2776415944
0.2884025574
0.0541007966
0.1202531531
0.1284552217
0.1362589896
0.2376482338
0.0153591093
0.4028260708
0.1682770252
0.1410513520
0.1017820090
0.3346471488
0.0905772299
0.3584999740
0.2365503162
0.2032448798
0.0719876513
0.3237111270
0.1031342894
0.2385946810
0.0628583804
0.1144464016
0.3147679865
0.0796956569
0.2875970602
0.0087485556
0.2234351039
0.1017166376
0.2194271833
0.2699168026
0.1040015221
0.0749322698
0.0369776562
0.1981093287
0.1027693599
0.3912760019
0.0964203626
0.1215430796
0.1743378192
0.1605906636
0.1867190897
0.3665637672
0.3389073312
0.0246861260
0.2795728743
0.1210774928
0.0878922194
0.2583003044
0.1285466403
0.1928945780
0.3168950379
0.2398816943
0.3914637566
0.1271310449
0.2372009009
0.1159125268
0.1108039990
0.3602775037
0.2272786349
0.3976886570
0.2267863154
0.1529413462
0.1898738295
0.0339388847
0.0543284491
0.1307334751
0.2654989362
0.2213227302
0.5279672742
0.3247811794
0.0819547400
0.3675654531
0.3888177574
0.1585012674
0.4687112570
0.4647127092
0.2767584324
0.1269629896
0.0956943929
0.4883154035
0.5715116262
0.3660652041
0.4932886362
0.4868847728
0.2244815528
0.0782025233
0.3819426894
0.3717316389
0.0873936489
0.3115243614
0.4359117746
0.2586745024
0.0787185952
0.4984377623
0.4036658406
0.0029323380
0.4123516381
0.2118936628
0.2365975082
0.1418479234
0.4506549835
0.7199288607
0.3008221090
0.2590358853
0.2805616558
0.6229316592
0.4398107827
0.5222614408
0.3725030720
0.1060542762
0.4008722603
0.3754914403
0.5246905088
0.4268357456
0.0012308541
0.5372358561
0.4144803584
0.4631436467
0.5134575963
0.3157406747
0.4773581922
0.6403877139
0.1825124174
0.3782255948
0.3156726360
0.2973990142
0.3310168684
0.3132081330
0.0864192024
0.1925320923
0.2734802067
0.2113737464
0.1780848503
0.1642838567
0.1244415790
0.1074037105
0.0578863807
0.0788513944
0.1302209795
0.0882945061
0.1406971216
0.1572828591
0.1587320864
0.3116690516
0.0818579271
0.2257770151
0.0341311432
0.0312794633
0.1031596437
0.2522033453
0.2655901313
0.3064665198
0.2812125981
0.0807796121
0.3286142647
0.2961001098
0.1602374762
0.1022531316
0.1260906458
0.3955031931
0.0419872962
0.2168127000
0.3251809478
0.0675734431
0.0907644257
0.1253216118
0.0132586323
0.0905514657
0.0698538199
0.2080660015
0.0718833283
0.1409564912
0.0615184978
0.0237504486
0.0889564902
0.0487463586
0.0532680266
0.1679065675
0.1657072604
0.2473761439
0.1733682156
0.0134378914
0.2550067902
0.0574334897
0.2438667417
0.1085780039
0.3835440874
0.0589415133
0.0064177257
0.1695289016
0.1499824673
0.0825800896
0.0197824594
0.3136114180
0.3234245777
0.2446003407
0.0857093334
0.2685386240
0.3537110984
0.0704462230
0.2266788930
0.2069789022
0.2159297913
0.2627675235
0.1493337303
0.2005982846
0.1266167611
0.2125889808
0.0827857479
0.3277472258
0.2877453566
0.3054173291
0.0564316437
0.1137359440
0.1786015481
0.0623949952
0.0393646583
0.1716437489
0.2295318842
0.1472844929
0.2422951013
0.1078636050
0.1986111552
0.1765252501
0.9717328548
0.3099835217
0.1615380645
0.0458172522
0.2295107543
0.2774443328
0.1303362995
0.0914064944
0.3069995642
0.0162699483
0.3855383396
0.0808897391
0.0724389032
0.2756578028
0.2433075607
0.1307564825
0.3683157563
0.0701201260
0.1529258192
0.0709368438
0.0510365441
0.3597661853
0.1542282850
0.0830167532
0.2258398533
0.0952797011
0.2327080369
0.0993658081
0.0285970215
0.1386958808
0.1014173478
0.1186824292
0.1215713769
0.3445846736
0.1112786457
0.0471444689
0.0292677432
0.0752815753
0.0843449086
0.2008014619
0.0197844375
0.0900019556
0.0816415548
0.0264121871
0.1006014049
0.1871072501
0.0894759074
0.2058817297
0.1238437667
0.0930970311
0.0709206238
0.0555010363
0.1204661578
0.0976656452
0.0647683814
0.0785412043
0.1342888772
0.0469608232
0.0560742430
0.1152050123
0.1112769470
0.1395292878
0.1015096083
0.0446754172
0.0439187810
0.1385534853
0.0449259169
0.0581300706
0.0218767785
0.3026495278
0.0751827955
0.1972059160
0.1854914576
0.0643380955
0.0506762229
0.0265664961
0.0319884419
0.0390842184
0.3330058455
0.0670280829
0.0379231274
0.0425982065
0.1018377841
0.0277800038
0.3971381187
0.0505339727
0.0618916564
0.0320841223
0.1037765369
0.1148544475
0.0660410970
0.1380364895
0.0928499326
0.1456162632
0.0629080087
0.0426616780
0.0441145934
0.0160074420
0.1400132775
0.1412017643
0.0316154212
0.4777986705
0.4319697022
0.3771177232
0.2575914562
0.0533153601
0.2230114788
0.3984148204
0.3186791539
0.1090930924
0.4358215630
0.2874300778
0.5476841331
0.1860454082
0.5073050857
0.0649893954
0.3729535937
0.4012382925
0.3491797745
0.3995413780
0.3695041537
0.3562759161
0.4492928386
0.3711561859
0.0407024100
0.3937508464
0.2317845672
0.3720381260
0.3328081071
0.1060610786
0.1486615241
0.2808956504
0.2269741744
0.0551367402
0.2995085418
0.2263958901
0.3748213947
0.3193013966
0.4215179980
0.1137432605
0.4236389697
0.1952296793
0.2372079790
0.1304974258
0.0906081647
0.1364035755
0.4406958222
0.5614202023
0.3464750350
0.2379727513
0.3014525771
0.0770344138
0.4490793943
0.3841447830
0.0954528973
0.3607368171
0.2030732483
0.4123108685
0.1877662987
0.2676438391
0.2479889393
0.1413429230
0.0486802123
0.0483338535
0.3089917898
0.3166414797
0.0895785987
0.2612838149
0.2471955866
0.2930531800
0.2341934294
0.2090110481
0.1040960625
0.1652414799
0.0619473793
0.1433067322
0.1000119224
0.4259942174
0.3588016033
0.0380828343
0.3693273067
0.1294478029
0.0419572368
0.1898506880
0.2960139811
0.1717878282
0.0182337202
0.1548412293
0.2688209713
0.1381118000
0.1138968244
0.3217571676
0.2736440003
0.2230368853
0.0809282511
0.1971247196
0.2322056144
0.3070053458
0.0989172161
0.2795708477
0.2943377495
0.2581496239
0.0453833081
0.0719206855
0.0910957903
0.3772229254
0.3141192198
0.2605469823
0.3281010389
0.2748352885
0.1919986904
0.2769244909
0.1816701144
0.3028678000
0.2629889846
0.0431909300
0.1013617814
0.9918105602
0.2628989518
0.0424847305
0.0285763182
0.2304986119
0.1628939956
0.1689713448
0.2694393396
0.0345431082
1.0000000000
1.0000000000
1.0000000000
1.0000000000
1.0000000000
1.0000000000
1.0000000000
1.0000000000
1.0000000000
1.0000000000
1.0000000000
1.0000000000
1.0000000000
1.0000000000
1.0000000000
1.0000000000
0.9925096035
1.0000000000
1.0000000000
1.0000000000
1.0000000000
1.0000000000
1.0000000000
1.0000000000
1.0000000000
1.0000000000
1.0000000000
1.0000000000
1.0000000000
1.0000000000
1.0000000000
1.0000000000
1.0000000000
1.0000000000
1.0000000000
1.0000000000
1.0000000000
1.0000000000
1.0000000000
1.0000000000
1.0000000000
1.0000000000
1.0000000000
1.0000000000
1.0000000000
1.0000000000
1.0000000000
1.0000000000
1.0000000000
1.0000000000
1.0000000000
1.0000000000
1.0000000000
1.0000000000
1.0000000000
1.0000000000
1.0000000000
1.0000000000
1.0000000000
1.0000000000
1.0000000000
1.0000000000
1.0000000000
1.0000000000
0.2246242762
0.3616220653
0.0829438865
0.3314923942
0.2352584302
0.1901246607
0.0789693445
0.0550511330
0.0498283729
0.0299006682
0.2453584224
0.0616753548
0.0897159278
0.0858868808
0.3836687207
0.3853163421
0.3611072600
0.3417934179
0.2527995706
0.1850807816
0.3490537703
0.2455576211
0.1443998665
0.3191725612
0.1372341812
0.2609319091
0.2618563473
0.1395350397
0.5219291449
0.4122216403
0.4082916379
0.2133365870
0.2085715383
0.3103478849
0.3544891179
0.0510714389
0.1605742276
0.1968619525
0.0761333779
0.1423636228
0.0318580754
0.2700203657
0.1658765078
0.2488267869
0.1862767786
0.2165321559
0.0109048020
0.1351883709
0.3311558366
0.3273907006
0.0935102701
0.2470425963
0.0953478813
0.4334562719
0.3867708147
0.2396473736
0.1168039739
0.1780891567
0.1134257466
0.2906799316
0.2288836092
0.4791548550
0.1620562822
0.4296415150
0.1316851974
0.2193158418
0.1462048888
0.1928223222
0.0703912899
0.3491225243
0.1197227612
0.1128820479
0.3418805003
0.1530403048
0.3143536150
0.2199848890
0.0091412850
0.2429706752
0.2131208330
0.0848523751
0.0476807579
0.0406482257
0.3044781983
0.3571144044
0.4032219350
0.1094269529
0.1707541645
0.2909907997
0.0285602063
0.1409070641
0.1360159814
0.2634083033
0.3562265337
0.1316937506
0.3198525608
0.1709963530
0.1635724753
0.2634047568
0.2328933477
0.2974510193
0.2835114002
0.2586742640
0.2547425032
0.1465116292
0.0626661107
0.2748849988
0.2952480912
0.3550810516
0.2955558896
0.2850981057
0.2458409071
0.0666814223
0.2561278343
0.3185947835
0.3357288241
0.3284538984
0.2282514125
0.1223413795
0.0404742584
0.1092640683
0.2780699134
0.0614534207
0.0657347143
0.0595476106
0.2709584236
0.0450276211
0.4948264062
0.0614490397
0.1070464104
0.0558556318
0.1727359593
0.0565079637
0.2260979861
0.1218782216
0.1523923725
0.0400658399
0.0709618479
0.0091598276
0.2357584983
0.1432996541
0.3140164316
0.1537316293
0.1713923961
0.1152774319
0.0849192291
0.3081262708
0.3041107059
0.4069679081
0.1916009039
0.3653626740
0.2574436665
0.1524868757
0.2536520958
0.1039422303
0.1569101959
0.2367611825
0.2202139497
0.1312373877
0.0388672389
0.2230333686
0.1028209329
0.2417345941
0.1656665206
0.1522581428
0.0768267363
0.0993287563
0.1394315511
0.3013572395
0.2858967781
0.5226437449
0.0149406698
0.3365008533
0.0154174129
0.0789410397
0.3433075845
0.1596066952
0.3717878461
0.4752581120
0.0235994589
0.3380433023
0.0470800586
0.1829478294
0.0800253302
0.1300111264
0.2071692497
0.2268758565
0.0910565853
0.3300119936
0.1528974622
0.1617065966
0.1687328368
0.2374062091
0.1648946553
0.1676937938
0.1288132071
0.0903737620
0.1551346183
0.2614145577
0.0431997254
0.2740738690
0.0166630093
0.2869167328
0.1705555469
0.1349974275
0.0977481902
0.1925207078
0.2319935858
0.1788400263
0.2449117899
0.2408041805
0.2370791882
0.2420937866
0.0567416586
0.0918699875
0.2119639665
0.2254601121
0.3593638241
0.1136085764
0.0887448639
0.0635956749
0.3895257711
0.2579305470
0.0468431003
0.1397710294
0.1487444639
0.0452569462
0.2394847870
0.1175050437
0.0799954683
0.2544092834
0.2523134351
0.0746229216
0.2681183517
0.2148335725
0.2291245013
0.0792353898
0.3768366873
0.0802144408
0.0357906744
0.1324697733
0.1220748425
0.1438498348
0.1245423108
0.2835075259
0.3512368500
0.1075057462
0.2573583126
0.0597467348
0.1395591348
0.1513890326
0.1550676674
0.0836432874
0.0764206722
0.1460286826
0.0358254276
0.2806062400
0.1235990152
0.0358300209
0.1763878912
0.0934220105
0.1712789237
0.4031669796
0.1387747377
0.2682654858
0.1685124487
0.2432157844
0.1874473542
0.0490057021
0.1535670161
0.0839577764
0.0383870453
0.2060209513
0.4003634751
0.3335101306
0.0188477095
0.2124016583
0.3010067642
0.0245061088
0.0880687237
0.3298815489
0.2823911905
0.0555429943
0.2856821716
0.3338081539
0.2476714998
0.0653479770
0.1356527507
0.3524272144
0.2932975292
0.1630977839
0.1496157348
0.3340252042
0.0877689868
0.2547782660
0.0505397469
0.2634062171
0.2989658415
0.2570351362
0.1151882857
0.0943346098
0.0361794494
0.1878092587
0.2623855472
0.1291080117
0.1650780290
0.3153481185
0.3333677649
0.3116883934
0.2851695418
0.0687514022
0.0655628145
0.3917247951
0.1348933876
0.2609569430
0.1546638012
0.2423435599
0.1981302649
0.2793084979
0.0368763171
0.1474254578
0.1157627255
0.0379356146
0.1000442728
0.0325764045
0.1128244027
0.0515149161
0.1638844013
0.0228480920
0.3233942389
0.1033002883
0.1087140217
0.0406512022
0.0510700159
0.0346849784
0.1417155266
0.1470316499
0.0223449748
0.0195887759
0.0822740570
0.0770595670
0.0313794985
0.0721601099
0.1401454806
0.0179073475
0.0319013074
0.0191335566
0.0734558105
0.0788136423
0.1322318614
0.0390509851
0.1679115742
0.1448412389
0.0221510697
0.1083016768
0.0645008907
0.1084896177
0.1768032163
0.0498203784
0.0272036977
0.0111387232
0.0374122187
0.1516243666
0.3647389114
0.1692044288
0.1757394075
0.0899534225
0.1078670695
0.0156428553
0.0837506875
0.1326086670
0.1693943441
0.0237229113
0.0563104413
0.0342934392
0.0791806728
0.1420590729
0.0774480253
0.0309056304
0.0945485830
0.0935560539
0.0431758389
0.0924973935
0.0417416729
0.0444119796
0.0392293185
0.3254598677
0.1070576236
0.3931723833
0.2624284923
0.0806332901
0.2550232708
0.2178069949
0.3040933907
0.0597828552
0.2819374502
0.1597536653
0.2704432011
0.2833588421
0.1724549532
0.2095546871
0.0615742095
0.2379290164
0.4082617462
0.1724259853
0.2564850748
0.1761579514
0.2778654397
0.1705132574
0.3619662225
0.0376870148
0.1607610434
0.0910816491
0.0549618676
0.2387773097
0.1249348596
0.0750510171
0.0308960844
0.3853568435
0.2208970338
0.1146077141
0.0352008268
0.2953645885
0.0295344666
0.0646871030
0.2405638844
0.4534714222
0.3095977604
0.2758544385
0.0320761018
0.2684643865
0.0488684364
0.1911900789
0.0786493272
0.0386623107
0.3328718245
0.0967948884
0.2455653250
0.1257747710
0.2832285464
0.0939269960
0.2471245676
0.1005974114
0.1675842702
0.2910711467
0.0646020472
0.1381881386
0.0446807183
0.0902752429
0.0708517879
0.1580550075
0.0278793722
0.0834269896
0.2954766154
0.2932959795
0.5526156425
0.3786024451
0.0559342131
0.1532139331
0.2343378216
0.0326418243
0.3981605172
0.2184255719
0.2194266319
0.2645193338
0.2362561226
0.2195020467
0.2449070215
0.1612988859
0.3675692976
0.2682230473
0.0597460084
0.1533113718
0.2809809446
0.1698923409
0.0697664469
0.1934756637
0.2435076535
0.1193424985
0.0312392153
0.4065879285
0.2515795529
0.2929299772
0.1211691797
0.1149065420
0.0038514503
0.1454774141
0.0543818027
0.1136535406
0.4530952871
0.3064091504
0.4373699129
0.3182860017
0.1874471754
0.3717692196
0.2995572090
0.0774987862
0.1455362737
0.0822512880
0.0283407718
0.2022242844
0.2306202352
0.1098472923
0.0146690849
0.1612687707
0.2023759484
0.3007373512
0.2032204717
0.2604661584
0.0267369002
0.1958887279
0.2739678323
0.0335244015
0.1347979009
0.1122232005
0.1697645932
0.1724323630
0.0185203012
0.2912145257
0.3879809678
0.2387208343
0.1349363774
0.1909612566
0.2522310317
0.0227208585
0.0922696590
0.4378004074
0.2387987375
0.1923290938
0.0516256839
0.0195961595
0.1185495779
0.1315057278
0.2966727316
0.2181843817
0.0425766818
0.0681292191
0.2949094772
0.3001527488
0.1016596258
0.0144186858
0.1669774950
0.0639930740
0.1159422621
0.1307184994
0.0340697020
0.0867777094
0.0587286577
0.0659419075
0.3176436424
0.0702498257
0.2792620957
0.2972214222
0.1952865869
0.2880603075
0.1318139881
0.0810773000
0.1352601200
0.3341264725
0.1897992492
0.1944253892
0.0497624874
0.0729151964
0.0779397264
0.0877789855
0.2611712217
0.3445606530
0.1683116108
0.1450072527
0.2430081964
0.2625016868
0.2122619152
0.1517204642
0.0441008136
0.0404937379
0.0771381781
0.3637566566
0.4667419791
0.4733537138
0.5938598514
0.4260624349
0.4862096310
0.2133510411
0.0820162520
0.3779054880
0.1940442622
0.4747515917
0.2494511753
0.5443705320
0.3122120500
0.0061041201
0.4103840590
0.4233337045
0.4788834453
0.0463456325
0.4634857476
0.2118767202
0.1040629148
0.4879151583
0.1305977851
0.1726614684
0.3930079043
0.1855102181
0.4397340715
0.1838859916
0.5128965378
0.4535663128
0.0978726968
0.1360310316
0.0002821688
0.1342837960
0.3216791153
0.1093964502
0.1018193811
0.4649459124
0.2461450100
0.5785150528
0.1552277356
0.0456085838
0.2784642577
0.3486823440
0.3236368299
0.2721759379
0.3437725902
0.2675433457
0.3227268457
0.0843991190
0.3404522538
0.3550610244
0.0099338153
0.3772619367
0.2104853392
0.0719117373
0.1059605777
0.3694587946
0.4126151502
0.3777165413
0.1226009503
0.2812719345
0.1381233484
0.2395223677
0.3189137578
0.3770440817
0.3719276488
0.2219286859
0.5909476876
0.2954862118
0.2198524624
0.4111028612
0.4831747711
0.0097769350
0.1975324601
0.3436628878
0.3952419162
0.3548087180
0.3929662406
0.3733143508
0.3779902756
0.0063382066
0.1669383049
0.1303941160
0.4817100167
0.2477822304
0.0039725811
0.1829945594
0.5221481919
0.1488068104
0.4342048168
0.0977445319
0.2460461259
0.1286033392
0.7896084189
0.1924315840
0.1163243130
0.3487009704
0.6705880165
0.2084745616
0.0126548763
0.1763339043
0.1378052086
0.0964131206
0.1113383174
0.0731716380
0.5029632449
0.0361088626
0.3443833590
0.3268220425
0.0460680053
0.3171398342
0.1381407827
0.2181014568
0.4026784897
0.5459106565
0.2793235183
0.0070163389
0.0773981884
0.1846924573
0.5325200558
0.1670357436
0.3990435898
0.0555234924
0.0413617976
0.2492869645
0.2170194834
0.2264589369
0.1858193278
0.1144921705
0.1184184849
0.2308894694
0.2719355226
0.3243869543
0.2304682732
0.1354876310
0.2943547666
0.1459182054
0.2697108388
0.3477124870
0.1818103790
0.1441980749
0.0629945025
0.2472170889
0.1282089651
0.0551419444
0.1123877093
0.4312374294
0.1315145493
0.4299341142
0.0955886170
0.3729030192
0.0820803642
0.3113327622
0.2297003716
0.3274520636
0.1199670434
0.1190427318
0.0941333845
0.0553416051
0.1518819481
0.1509451568
0.0894205496
0.2259064615
0.0423745997
0.3460739255
0.2063391060
0.1265903264
0.4013208747
0.3007713854
0.4238231182
0.3157002032
0.5330631733
0.3064412177
0.1713789701
0.1066878811
0.1004740968
0.0977614224
0.2930256128
0.2540989518
0.3300860226
0.1124207899
0.2428424358
0.1317986697
0.0916693956
0.0437426120
0.2059879750
0.2806595266
0.2162082791
0.1807035208
0.2542865574
0.0715759397
0.0798031762
0.2014758885
0.2683922052
0.1741356105
0.0657558516
0.0918385983
0.3771108091
0.2365964353
0.0972438380
0.2071884573
0.1010607854
0.1554956585
0.2255857140
0.1619294733
0.4432620704
0.1573759168
0.0720437840
0.1792829335
0.2351748049
0.0261146221
0.3256723285
0.0236971676
0.2884522378
0.3512106538
0.1958232224
0.1009085551
0.1820905358
0.1963211149
0.2709188461
0.1332892925
0.0880697370
0.0030083850
0.0744670555
0.1110914499
0.2896617949
0.2555805445
0.2272694707
0.2988772392
0.3435814977
0.0149261924
0.1771300882
0.0883829445
0.1832537800
0.3375580013
0.3078372777
0.1441312581
0.0986886173
0.2825447619
0.2799354792
0.3112176657
0.2886029780
0.1669648588
0.0570216365
0.0322534405
0.3221938014
0.0780710280
0.1887852550
0.3781389594
0.4076797664
0.2582810223
0.1630841494
0.3720790148
0.2361966670
0.3010929823
0.3758144677
0.2083475888
0.0999202877
0.2154180110
0.0949118882
0.1766866148
0.0372446701
0.0455626734
0.2777101994
0.0904557779
0.0667328387
0.3444507122
0.0432092026
0.0059675141
0.0459305681
0.1259239167
0.2248922288
0.3333272934
0.0501582809
0.2463550419
0.3306390643
0.2410110086
0.0422540344
0.0546179600
0.1878704578
0.0545104630
0.0637652427
0.1669963747
0.3918645382
0.1874291897
0.2043855637
0.0141776437
0.2443664074
0.3023533821
0.0583346672
0.1455085278
0.1432915926
0.2628548443
0.2174447030
0.1171142086
0.2596285641
0.1470393986
0.1787127256
0.1536814421
0.3188185692
0.2168642133
0.2540577352
0.2402950227
0.0999407172
0.0766124278
0.0940333828
0.2241674066
0.1156418473
0.2565607131
0.1450758129
0.2096499205
0.1064040363
0.0904422402
0.1402834654
0.2101453245
0.2721022367
0.0348997675
0.0910327286
0.0702154189
0.1052638665
0.0744604692
0.1797837317
0.1389221102
0.0866654292
0.3393392265
0.2556714118
0.1770985723
0.0472312681
0.0720949471
0.0113498028
0.0228865333
0.1136827692
0.0486969426
0.2312101573
0.2136853039
0.2046132237
0.2704520524
0.0282310247
0.0753856897
0.1620972455
0.0913658738
0.1990662664
0.0721241832
0.0687993243
0.0278818421
0.1369383037
0.0150337014
0.1030876338
0.1909537613
0.1169607416
0.1685039997
0.1667715907
0.2384823263
0.0616907403
0.1448019743
0.0904654860
0.0501702167
0.1741400510
0.1979204267
0.0675773919
0.1162020937
0.0143287703
0.0808984265
0.0507940352
0.0388989337
0.1168016195
0.1883812845
0.2010102868
0.2337272316
0.0311689470
0.0245735887
0.2497043014
0.1941935569
0.0658003986
0.1514535099
0.1866977215
0.0900521725
0.0732813552
0.1820827276
0.1549938023
0.1162254885
0.2053925544
0.0269122738
0.0697250813
0.1442437321
0.1436194628
0.2328513563
0.0327394940
0.3681859076
0.2504202724
0.1660354137
0.1513380408
0.0951161534
0.0596937351
0.2674037516
0.1077010483
0.2111883163
0.0318547823
0.1674184054
0.0580932535
0.1734478325
0.3212983012
0.1566572189
0.0345855318
0.0710673034
0.0453496501
0.1604878753
0.0870253369
0.1410824060
0.1250228286
0.2346669137
0.0975114107
0.0919010565
0.0358252563
0.1164924353
0.2868010104
0.0784081668
0.1043037251
0.6882604361
0.0534857810
0.0822233930
0.0100937262
0.0293060038
0.1316652447
0.1307606548
0.3137658536
0.0797142610
0.3181047142
0.0861671865
0.3093954921
0.1518769413
0.2151392847
0.1415124536
0.3043914437
0.2440081239
0.0755518451
0.0732274130
0.0785165727
0.1951889396
0.1644441187
0.3000397682
0.0898444578
0.2837297320
0.1455447525
0.0248200689
0.1714481264
0.2190444767
0.0734021589
0.1498316079
0.0831209645
0.2488588542
0.0332670994
0.1841898710
0.1985187232
0.1926370859
0.3200229704
0.3083931506
0.1564807743
0.1538216621
0.1600454748
0.1252291501
0.2460953891
0.1720950007
0.0260417387
0.2871071696
0.2080638409
0.0279842410
0.1774187237
0.1990296245
0.0592735410
0.0714592636
0.0923764929
0.1913321763
0.3947376013
0.0669252127
0.2759522200
0.1385141909
0.0762542859
0.2024972886
0.0264976490
0.1977858692
0.2384251058
0.3447698355
0.0855658650
0.0591377281
0.0576178581
0.1814314425
0.0735950917
0.0557370223
0.1051466689
0.2141119391
0.1753100157
0.0365882032
0.1076154858
0.1904882193
0.0358119570
0.1216992810
0.2292731106
0.0412772335
0.0796052217
0.0946335718
0.1954677701
0.1015152708
0.1355584562
0.0182159320
0.0670868382
0.1545315087
0.1292537898
0.1607061625
0.0471028350
0.0328361392
0.0615983717
0.3458242714
0.1467634290
0.3126342893
0.1722501516
0.4279819131
0.0923769474
0.2619870603
0.3916031718
0.2513026893
0.3216933310
0.1737145782
0.3969734609
0.0396181345
0.0805258229
0.2787458003
0.0934739187
0.2445493788
0.3913357854
0.1752025634
0.1131204888
0.4527994096
0.1915352345
0.2773018181
0.0320351869
0.0469875149
0.3478595614
0.3280847967
0.0028223498
0.2167784870
0.1193572059
0.1263396144
0.4016325474
0.1037394926
0.4641469717
0.3462028801
0.1960271150
0.2735768557
0.3703608215
0.0773157924
0.3561950326
0.5700994134
0.0889663249
0.3095902801
0.3614597023
0.3374062181
0.0935240388
0.2710814476
0.1259735972
0.3250252306
0.3230493367
0.2647506595
0.1133002490
0.0446901321
0.4716556966
0.2923485637
0.2814581692
0.0587411337
0.1557351798
0.0761959925
0.2046981752
0.0765596777
0.0198301338
0.0875324905
0.2698775828
0.1504399180
0.0644514486
0.1052194610
0.1691718102
0.0337069519
0.0032064724
0.0894051939
0.1397194713
0.2294013202
0.3608162701
0.1920201033
0.2542745769
0.3994227648
0.4133302271
0.1456300169
0.0610822625
0.2595041394
0.2860236764
0.0444838256
0.2184480131
0.2659119368
0.0352159329
0.1908131242
0.2568254471
0.1364394724
0.0437448956
0.0809370652
0.1136293784
0.2633835077
0.1417642832
0.3345380127
0.5732541680
0.4152087271
0.3119008839
0.2137343884
0.3998409510
0.1467571408
0.1507422328
0.2927009165
0.3602060974
0.0196610317
0.4733251929
0.2453946769
0.3814973533
0.3718277514
0.1459372342
0.2288009971
0.1622004211
0.3187586665
0.2352019697
0.0818021074
0.1779093891
0.1383126825
0.1034506485
0.1847941875
0.1638557017
0.4446519613
0.2170150280
0.3085353971
0.1535082757
0.0636542886
0.1946483105
0.0475877412
0.1895847172
0.1384339631
0.1575125456
0.1722647399
0.1579592526
0.0908181891
0.2776263356
0.1347772777
0.2974110842
0.1093401536
0.1110787690
0.0960298330
0.0661062151
0.1409699172
0.1959998310
0.2787393630
0.2187653035
0.1186698675
0.2718170285
0.0869508907
0.0808354318
0.0751369894
0.3202646375
0.1831088960
0.0104701826
0.0843509585
0.2541403174
0.1806721091
0.2078819275
0.3371586800
0.4038289189
0.0740200579
0.0620579012
0.0012029519
0.1504507959
0.0896444619
0.1716395766
0.2198468447
0.2636255622
0.1095955819
0.1176325902
0.0833126009
0.4421719313
0.0611872263
0.0794593468
0.2349605858
0.0434607714
0.1867088377
0.0171597488
0.2227006704
0.2082492113
0.1726308465
0.0617636107
0.0260272902
0.0469602123
0.1513662189
0.2574713230
0.1106755212
0.2579319477
0.1314688921
0.2467169762
0.1419713497
0.1044934690
0.0252098776
0.1623341292
0.1082145125
0.1770925224
0.2537401319
0.1678861678
0.2840930521
0.1882862002
0.1682122797
0.2903556824
0.3306837082
0.1844626665
0.0775055140
0.1711814851
0.1303729713
0.0271445140
0.0695243105
0.0743061155
0.2926905751
0.1711960882
0.4005809724
0.1338231415
0.2785237134
0.2772456706
0.0254117027
0.3090508282
0.3193899691
0.2471817732
0.1987998188
0.1703863144
0.1844379604
0.1132113189
0.0908674002
0.1677996367
0.2679007947
0.2362286597
0.0613989830
0.2794227004
0.3095368743
0.1023238450
0.1212770864
0.1805166155
0.0972777680
0.0578292981
0.2079026997
0.0471343063
0.0187816024
0.0208219234
0.2697222829
0.0810515806
0.0460561961
0.3010641336
0.1192897260
0.0953395888
0.1189707145
0.2845808268
0.0993420184
0.0548481978
0.1043574736
0.1699131131
0.0382339619
0.3263993561
0.2222597599
0.2207354605
0.1597542763
0.0944955498
0.2750420570
0.1084940806
0.4929942191
0.2046739161
0.0010076943
0.3673730493
0.3319060504
0.3168937862
0.1492972076
0.1443314552
0.2975148857
0.1474051178
0.2871093452
0.3578871191
0.3172566593
0.1147898883
0.2028777003
0.1739859283
0.0540305860
0.0123496847
0.3016876876
0.2071123123
0.2530414760
0.3552760780
0.5040760040
0.1083849669
0.2879824936
0.3869319260
0.1264693439
0.3408856392
0.0518447086
0.0771737248
0.2915025055
0.3129926622
0.1006463915
0.0581980236
0.2447582334
0.2209928632
0.3873037398
0.4280299842
0.1401039064
0.3215719461
0.1195482910
0.2354579568
0.0739784688
0.3851481378
0.2812903821
0.0320691504
0.0924400911
0.0204704758
0.3460900486
0.2372940928
0.1026244238
0.2134227008
0.3086170256
0.4897470474
0.3344956934
0.1215269715
0.2148007303
0.3857526779
0.3168613017
0.4234227538
0.2448060662
0.2575593591
0.2520559132
0.3583015800
0.3414225280
0.3167198896
0.2274329364
0.3109542429
0.3259839714
0.1041141450
0.0914934352
0.0002917603
0.1114274636
0.1926694214
0.0835557207
0.3817160130
0.2376666516
0.2709356546
0.1293248981
0.2027436942
0.0904148668
0.0563372523
0.0238868725
0.0448375382
0.2622920573
0.0658879057
0.3833713233
0.0734884739
0.4251354635
0.2176478952
0.5330762863
0.0320018455
0.2434659600
0.1695980579
0.1471862197
0.4053532183
0.1637948602
0.0903281793
0.1158306822
0.1127881557
0.2735581696
0.5219271779
0.1462850273
0.2632882595
0.1801722944
0.3125025034
0.1632146984
0.1026572436
0.0590550750
0.2603415847
0.2649069130
0.0422377996
0.0474294052
0.2015991956
0.1810386777
0.2725199163
0.4546685815
0.0031535942
0.0260842610
0.2363314033
0.3362179697
0.0761967301
0.0690251514
0.0618927032
0.2203648090
0.1594342142
0.1771163642
0.2043155432
0.3481396139
0.1988419592
0.1384371221
0.3268059492
0.1509610564
0.1775246114
0.1402487606
0.0994896069
0.0710937604
0.2625356615
0.2320439517
0.2451542616
0.0012404036
0.3670246899
0.0891138092
0.2608268261
0.1595134735
0.3255377114
0.1131562516
0.3551561236
0.3388426900
0.2764796019
0.0337354951
0.1385668814
0.1190033108
0.0908516049
0.1217781901
0.0972730517
0.0641557500
0.3828673959
0.3227769732
0.1995993853
0.0824450329
0.3918238580
0.3362278044
0.2466323674
0.3829326332
0.0752940774
0.0944958627
0.3387887180
0.1568733603
0.1636845320
0.1116269007
0.1809496135
0.1180640310
0.1748295426
0.2316765189
0.3625885546
0.2479832619
0.0584677793
0.0294495616
0.0877521113
0.0822960064
0.1008248776
0.2196077108
0.1328411698
0.3119730055
0.4738624990
0.1129000559
0.1240564212
0.1808821410
0.0662060827
0.1029138342
0.1317259222
0.0882180929
0.2345594019
0.3521971107
0.2478877604
0.2441528589
0.2977444828
0.1653419733
0.2766112089
0.0271539092
0.0179493409
0.0720046759
0.3036615252
0.4186275601
0.2504475713
0.0626330450
0.1393232346
0.1462271810
0.3099850416
0.3736323416
0.1617618650
0.2468552142
0.0244431179
0.0652352199
0.1710737050
0.0313937888
0.4147433937
0.0740652904
0.2979475260
0.0825312436
0.2086534202
0.0567581095
0.1432818770
0.3025229573
0.2838407755
0.2837710381
0.4315654933
0.1227924973
0.2175733447
0.4045176208
0.1576466709
0.4095658064
0.3834689558
0.0467714109
0.3004917502
0.1291545331
0.0711323395
0.1895575672
0.0408508442
0.0743362904
0.2125990242
0.1290463209
0.0523680523
0.3164213598
0.1642413735
0.0394744910
0.3341736197
0.2261102498
0.2998871207
0.0975320190
0.1447578371
0.0622203685
0.3931194246
0.1525821984
0.0851337612
0.0302837547
0.2334314138
0.2545238435
0.2811538577
0.0258356985
0.1068228632
0.5031927228
0.0052981870
0.0075397626
0.1038405150
0.2157892585
0.2395787984
0.3897001147
0.0953748003
0.5295014977
0.2780163586
0.2440847456
0.2467857152
0.1607474685
0.1209528148
0.2964598835
0.3681426048
0.2654221654
0.2376014143
0.0948054194
0.2893514037
0.3531692922
0.2484661490
0.3661774397
0.2147234529
0.0453922227
0.3199759424
0.1958911270
0.1758918613
0.4646525085
0.0003186532
0.1056207716
0.1166237891
0.2069144249
0.4314331710
0.3588429689
0.1587335467
0.0313322581
0.2195501626
0.2846867442
0.2776492238
0.1782161444
0.0779373497
0.3429008722
0.0616215393
0.2774332762
0.0614743643
0.3441370130
0.2472524792
0.3280656338
0.0973416343
0.2866360843
0.3992390335
0.0835313350
0.2207340896
0.1893391758
0.1486381739
0.2701607049
0.2207860798
0.0292377695
0.1170962676
0.0523235500
0.1349737048
0.1290517002
0.2929198742
0.1600723416
0.0533503741
0.3825163543
0.0848534629
0.0855615288
0.2622416914
0.0534026995
0.0233921073
0.1353892684
0.0477985032
0.3458947241
0.1405113935
0.2268385142
0.0702604130
0.0973014459
0.0763131306
