0.3993321657
0.0018112349
0.3465228975
0.0132151349
0.0378104337
0.0075458479
0.0034072255
0.2930439711
0.0152206654
0.0119723845
0.0186938997
0.0112895165
0.0188121311
0.0535428375
0.0074564712
0.0465464368
0.2096828669
0.0042521795
0.0021656516
0.0283138454
0.0076770978
0.0533728302
0.0245409571
0.0288891029
0.0079270368
0.0210864358
0.0199176706
0.0093935262
0.0138712451
0.0074453489
0.0195507780
0.0085806446
0.0498382375
0.0123935388
0.0406417660
0.0188300461
0.1021750942
0.0012080191
0.0116993701
0.0927165747
0.0178076085
0.0002146164
0.0384948365
0.0918161720
0.0114572225
0.0041057314
0.3452951908
0.0177147463
0.0036526741
0.0234448072
0.0130946850
0.0688052624
0.0096293259
0.0208291709
0.0068401098
0.0192240570
0.0670058131
0.0000876782
0.1294559985
0.0026392494
0.0180231705
0.0063698054
0.0256230198
0.4645124376
0.0044232788
0.0391512252
0.0088173486
0.0499209091
0.0150287040
0.0123813590
0.0052102352
0.0166718401
0.2127228528
0.0244023819
0.1963189989
0.0046283160
0.0256144386
0.0539249741
0.0156178251
0.0394462049
0.0197033342
0.0135855302
0.0209820252
0.0020161797
0.0037997584
0.0849440098
0.0037957989
0.0719860420
0.0019236828
0.0015957018
0.0460265838
0.0844116062
0.0111479126
0.0194333810
0.0829192251
0.0022432799
0.1318884194
0.0278507285
0.0124856187
0.0638098344
0.0134697519
0.0177285075
0.0018856389
0.0108367875
0.0059906337
0.0764240101
0.0014586881
0.0048504015
0.0598916411
0.0169810038
0.0711887777
0.0027492938
0.0146855600
0.0045956718
0.0056930119
0.0425345115
0.0158107542
0.0011040800
0.1467462778
0.0139076030
0.0061152587
0.0090618730
0.0580564365
0.0130723594
0.0024715259
0.0089638764
0.0736676753
0.0172066875
0.0185412392
0.1300817430
0.0305303782
0.0285507161
0.0010795040
0.0030265902
0.0326798484
0.0046491041
0.0931304842
0.0516093113
0.0022749330
0.0050869198
0.0067846309
0.0224783812
0.0300709344
0.1676627994
0.0037181003
0.0010787803
0.0109160962
0.0011086257
0.0386353545
0.2076143771
0.0360849723
0.0178425964
0.1248680875
0.0553784743
0.0000232435
0.0019787892
0.0325209685
0.0286017563
0.0564989187
0.0068675596
0.0088813808
0.0120974444
0.0669302270
0.0168249700
0.0045846123
0.0082211317
0.4464624524
0.0012088744
0.0227540657
0.0072097126
0.0003504810
0.1573461145
0.0508061424
0.0017662502
0.0019434420
0.0144359209
0.0448139906
0.0150983315
0.0164399799
0.0839005932
0.0289107338
0.0277823582
0.0127215404
0.0029281224
0.0099322721
0.0419631489
0.1821908653
0.1122821420
0.0159576684
0.0532474332
0.0078105438
0.0059517859
0.0061634025
0.0250310544
0.0067515159
0.1365107894
0.1149152368
0.0169956703
0.0047959951
0.0009195997
0.0189283714
0.0098356130
0.0001919572
0.0179733541
0.0526392460
0.0959626138
0.0012647194
0.0249018408
0.0418507569
0.0004789118
0.0096749393
0.0312180519
0.1402438134
0.0021016973
0.0273889527
0.0220099147
0.2978486717
0.0368236192
0.0052307318
0.5129016042
0.0037193224
0.1587432623
0.0128945913
0.0877164006
0.2321528196
0.0065479968
0.0001480180
0.0189208779
0.0208474621
0.0017925485
0.0163935032
0.0304217879
0.0350560881
0.0074022217
0.0068983021
0.0008131473
0.0117342658
0.0035361531
0.0206096843
0.0306954943
0.0729567334
0.0570346490
0.0159452148
0.1753914058
0.0037110378
0.0230666660
0.0558961071
0.0193698555
0.1036544442
0.0044861860
0.0127974283
0.0329229049
0.0026804667
0.0026790868
0.0619257577
0.0003716915
0.0248337723
0.0334178768
0.0311052613
0.0049757827
0.4307876825
0.0320855752
0.0969944149
0.0361633636
0.0179632828
0.0208878480
0.0106635271
0.0112205110
0.0535019413
0.0674180537
0.0746771842
0.0449027680
0.0044684308
0.0253786184
0.0018201354
0.2519703507
0.0187757462
0.1447352767
0.0154287666
0.0928581655
0.0652043968
0.0937327147
0.0230288468
0.0043778657
0.0136838388
0.0716259405
0.0685569420
0.0021186732
0.0105083659
0.0636302233
0.0845488012
0.0212331060
0.0109012630
0.0238957759
0.0272048730
0.0098512936
0.0091110924
0.0165857952
0.0143121667
0.0081852349
0.0542500429
0.0147782275
0.0407196917
0.0110764792
0.0055667539
0.0112411743
0.0222452804
0.1400996149
0.0029916237
0.0065885508
0.0211747382
0.0046133804
0.3001545072
0.0268482994
0.0543350466
0.0277770571
0.0069693509
0.0410683192
0.0001088119
0.0496269390
0.0378088914
0.0191767607
0.0024234429
0.0381436944
0.0704018548
0.0002135753
0.0094731050
0.2035205960
0.1308267266
0.0037030072
0.0120658576
0.0286255591
0.0132047422
0.0114260437
0.0598852709
0.0280181970
0.1319457144
0.0420345180
0.0237735808
0.0096974988
0.0030740865
0.0012945925
0.0120684216
0.0166005641
0.0087954979
0.0030019914
0.1324622482
0.0053727366
0.1866425574
0.0382079370
0.1757229716
0.0021904318
0.2262719274
0.2533970475
0.0037951099
0.0273929164
0.0213667825
0.1800869107
0.2902059853
0.0449823700
0.0118215457
0.0239890944
0.0138880443
0.0223866235
0.0189647730
0.0915108398
0.0469834879
0.0845153108
0.0055581448
0.0045718239
0.0552818216
0.0021968328
0.0002896976
0.2494975328
0.0027985987
0.1681357771
0.2999209762
0.0597053394
0.0095494539
0.0183900930
0.0469827168
0.0118901888
0.2877730429
0.0088210627
0.0006267037
0.0169447064
0.0386636667
0.0098531209
0.0209771339
0.0265308097
0.0122112613
0.0054247044
0.1588207185
0.0128362924
0.0681586936
0.0520326383
0.5147702694
0.0007079020
0.0032351806
0.0649512336
0.0191267058
0.0019994683
0.0050532641
0.0623527803
0.0586870313
0.1429692656
0.0024674207
0.0884316713
0.0026759363
0.0667554140
0.1451314241
0.0699634776
0.0286696013
0.0498571284
0.0231111236
0.0067474940
0.0537270010
0.0147075029
0.0416669995
0.0004058469
0.0050303251
0.0081614042
0.0078020450
0.0331373401
0.0075375857
0.0348774418
0.0325700492
0.0222668163
0.0206166562
0.3931124508
0.0036887887
0.0880120397
0.0458181426
0.0175396297
0.0926709771
0.0593564175
0.0076823309
0.0284126122
0.0387513712
0.0182696115
0.0018055900
0.0105654430
0.0168998148
0.0259672925
0.0097014280
0.0023607318
0.0634529963
0.0254144333
0.0908018723
0.0067787115
0.0674958602
0.0468609594
0.0050968528
0.0159510206
0.0476910993
0.0463381186
0.0993682519
0.2421952784
0.0637231171
0.1586129665
0.0128945606
0.0121713392
0.0045634774
0.0000824016
0.0063273842
0.2650625706
0.0454843231
0.1040689647
0.0422958806
0.0031641691
0.0034976734
0.0370844826
0.0101345433
0.0190937743
0.0186717883
0.0317680389
0.0140879797
0.0123874135
0.0104782572
0.0168809853
0.0138981305
0.0318445116
0.0178455953
0.1136242226
0.0119311335
0.0214421526
0.1379931122
0.0406774022
0.0039404347
0.0023242780
0.0070247720
0.0030017961
0.0474643931
0.0115844635
0.0015175093
0.0031765790
0.0031393229
0.0245351866
0.0655020773
0.0483363234
0.0604320578
0.2882520556
0.0148776202
0.0044314633
0.0182364937
0.0047978866
0.0320180580
0.0813958272
0.0108548719
0.0044941921
0.0063504023
0.1691174209
0.0265672766
0.1557297111
0.0084855799
0.0980494544
0.0482339822
0.0650508404
0.0480481759
0.0133825140
0.0046320613
0.0092378547
0.0183743201
0.0257171188
0.0096381027
0.0151242204
0.0106137693
0.0040349686
0.0062038288
0.0753781945
0.0088363187
0.3599807918
0.0142564010
0.5603543520
0.0239176322
0.0351823829
0.0917357206
0.0212636702
0.0877118483
0.0165241789
0.0030694238
0.1095983088
0.0140783982
0.0137474462
0.0383246206
0.0218533538
0.0139738321
0.0058733928
0.0326154828
0.0539680123
0.0212245025
0.0026560363
0.0265468601
0.1088060290
0.0139028300
0.0393783078
0.0218784828
0.0366913937
0.0281040855
0.0877904966
0.0209999867
0.0184584633
0.0152321327
0.0233434793
0.0185665600
0.0716677010
0.2501089573
0.1382440031
0.1522404701
0.0032420009
0.0286312550
0.0052056480
0.0549400263
0.0203915965
0.0238032080
0.0241816677
0.0122422567
0.0047895182
0.0107466942
0.0266431570
0.0040703309
0.0565575100
0.0160788149
0.0059761363
0.0043149092
0.0057713087
0.0160596576
0.0072232448
0.0415784717
0.1011603326
0.0572590716
0.0720264837
0.1990622878
0.0565509833
0.0302130003
0.0095745623
0.0054907585
0.0038664700
0.0003345930
0.3650726080
0.0555631518
0.0130039435
0.0446573570
0.0068965838
0.0087390700
0.0136126643
0.0065042018
0.0953184813
0.0636622608
0.4811013341
0.0517238900
0.0145390769
0.0023155778
0.0436683223
0.0585925691
0.0816289410
0.1137006730
0.0056368387
0.0115090106
0.0025856232
0.0501286611
0.0445003584
0.0085638547
0.0298376624
0.0103854872
0.0159224700
0.0084901713
0.0008852716
0.0106925368
0.0090992786
0.0401291139
0.0013091030
0.0074318089
0.0382229127
0.0104682110
0.0150842974
0.0317689627
0.0153574143
0.0024010739
0.0504634790
0.0092142792
0.0146553619
0.1824948192
0.0787635595
0.0153964888
0.1105950028
0.0006038480
0.0018260578
0.0273191389
0.0488385595
0.0251372214
0.0187669620
0.0048589408
0.0152587919
0.0534475930
0.0408103727
0.0757587403
0.0040283436
0.1441529989
0.1670082510
0.0270670019
0.0051879459
0.0167208053
0.0175597649
0.0221362282
0.0106143504
0.0079260878
0.0239418074
0.0175662134
0.0017871385
0.0347662531
0.0401523560
0.0420475937
0.0072111771
0.0273893960
0.1279401183
0.0509641320
0.0122420425
0.0232083909
0.0431987010
0.0258182008
0.0067419969
0.0306136552
0.0280520748
0.0110111460
0.0204346292
0.0349483751
0.0178096592
0.0191695597
0.0007244259
0.0093988031
0.0438267067
0.0102687525
0.0200711004
0.0085965078
0.0220175218
0.0645889267
0.0235440638
0.0144820651
0.2387734205
0.0097899707
0.0239924602
0.2121009082
0.0049454863
0.0309967529
0.0530825071
0.1214374304
0.0295119230
0.0346343368
0.0115998760
0.0032403974
0.1112137586
0.0148442434
0.0163775347
0.0189563520
0.0049223257
0.0370059647
0.0402951613
0.0516805314
0.0263053961
0.0060241302
0.0174616426
0.0086307563
0.0269150380
0.0177391488
0.0083727064
0.2010198087
0.0259133354
0.0399457142
0.0984952524
0.0826499239
0.0499908030
0.0141016953
0.3823111951
0.3045700490
0.0183963161
0.0108479112
0.0292134359
0.9960863590
0.0067500258
0.0166696589
0.0030450325
0.0622668117
0.0071931886
0.0073491442
0.1266095638
0.0285564587
0.0313233472
0.0196950808
0.3895191550
0.1528666317
0.0216030702
0.0054425597
0.0195062980
0.0934723243
0.0052323770
0.0064570168
0.0253484994
0.0138326129
0.0065930998
0.0093157850
0.0149327628
0.0182378720
0.0211811028
0.0025550821
0.2201820314
0.0103823850
0.0466257557
0.1023268551
0.0584976561
0.0129848551
0.1558328271
0.0371150933
0.0333778225
0.0011285954
0.0446604788
0.0149468752
0.0024290900
0.0133862849
0.0245223064
0.1804908812
0.0085982308
0.0199165884
0.1356348097
0.1429871172
0.0000243775
0.0061880942
0.0265590921
0.0760272667
0.0068001072
0.0831029713
0.0472375117
0.0105286138
0.0050461874
0.0210487414
0.0099692913
0.0735780597
0.0732234269
0.1282631755
0.0123554161
0.0027490805
0.1258508712
0.1026279256
0.0195686445
0.0049434826
0.0208730884
0.0067181573
0.0092707630
0.0045888447
0.1655396670
0.0822480246
0.0515258014
0.0001154305
0.0464479774
0.0829119608
0.0031957275
0.0069858008
0.0000786671
0.0218436141
0.0000006488
0.0013506312
0.0040332745
0.0748825222
0.0044629825
0.0033779929
0.0079314178
0.0103472667
0.0288009401
0.0127330804
0.0118006738
0.1003890559
0.0097373780
0.0865056366
0.0111923972
0.0037876773
0.0028212187
0.1132045686
0.0160910096
0.0227135811
0.0181200970
0.0277286768
0.0300742090
0.0032377632
0.0063911094
0.0687105730
0.0155808311
0.0073287045
0.0089557841
0.0407521948
0.0333923772
0.0110029131
0.0117635550
0.1509270519
0.0046254285
0.0213373452
0.0611948967
0.0108546466
0.0175114851
0.0143242190
0.0962973908
0.2600181103
0.0216042679
0.0118202195
0.0252969749
0.0385231115
0.0206473824
0.0037181180
0.0127117168
0.0013559652
0.0978205130
0.0014278786
0.0173466057
0.0084383385
0.0416823663
0.0065696556
0.0163888987
0.0062943595
0.0072375522
0.0113506159
0.0083173430
0.0401886292
0.0296355411
0.0149958823
0.0084513547
0.0063752825
0.0175770801
0.0028992789
0.0345196687
0.0196585730
0.0273338147
0.0013807275
0.0847481787
0.0125120627
0.0012942448
0.0138085717
0.0090682553
0.0560036190
0.0921019167
0.0128977001
0.0047170259
0.1076196507
0.1074928194
0.1119524986
0.0042372514
0.0119253732
0.0809869692
0.0061164387
0.0029915811
0.0186389331
0.0117659606
0.1836003065
0.0276178364
0.0200492479
0.0120486757
0.0026348350
0.0652525648
0.0046901312
0.0209211353
0.0500961095
0.0667936206
0.0064810012
0.0302708484
0.0138633093
0.1788354665
0.2069557309
0.0360691287
0.0151413847
0.0084059043
0.0298639946
0.0065478110
0.0152513506
0.1036194488
0.0177458469
0.5547690392
0.0418021865
0.0433870368
0.0294197984
0.0280189402
0.0069102361
0.0423675291
0.0281533729
0.0037106660
0.3739703298
0.0079589747
0.0432377234
0.0360621475
0.0270814672
0.0713243037
0.0376412272
0.0156636126
0.1239322498
0.0119689098
0.0325196423
0.0206808653
0.0799472108
0.0027856973
0.0289390367
0.0394193679
0.0900845081
0.0069090840
0.0241842307
0.0061787963
0.0175060462
0.0458355136
0.3610714376
0.0639852360
0.0097675035
0.0004032537
0.0593972281
0.0045653139
0.0111067044
0.0317728333
0.0036724985
0.0689414367
0.1026610211
0.0050967829
0.0058089006
0.0216096118
0.0183067434
0.0714757740
0.0194134749
0.0025472606
0.0137950527
0.0463595539
0.0152085340
0.1205078736
0.0113938581
0.0643132627
0.0009445147
0.0003460864
0.0363034867
0.1403621733
0.0009109800
0.0455748141
0.0649781153
0.0623883978
0.3930636942
0.0195704382
0.0290442538
0.1799286008
0.0322188623
0.0273306575
0.0041634380
0.0455280840
0.0056756614
0.0127418637
0.0110279927
0.0165060405
0.0477154478
0.0069662924
0.0183155686
0.0005499429
0.0235386807
0.0086005162
0.0169867668
0.0166591089
0.0167363677
0.1087868139
0.0054256413
0.0208454598
0.0054117818
0.0066251950
0.0164426621
0.0720564723
0.2016212791
0.0012963229
0.0090469075
0.0041814297
0.0106881345
0.0134807182
0.0220933463
0.0816612840
0.0838267207
0.0449238792
0.0275863744
0.0016087620
0.0634203255
0.0275617093
0.0709654316
0.0085889930
0.0041543553
0.0022191184
0.0947647691
0.0784506500
0.0111039598
0.0279118717
0.1793131977
0.0506916530
0.0172068812
0.0096392948
0.0106961802
0.0042344173
0.0293649938
0.0534691662
0.0086976746
0.0161754563
0.0548409298
0.0089285225
0.0760169327
0.0244382918
0.0206761435
0.0894119665
0.0124884294
0.0014704984
0.0428736359
0.0062410049
0.0155793168
0.0010470783
0.1194180548
0.0085349232
0.0013508224
0.0187363420
0.1209653839
0.0030439068
0.0051853079
0.0214583576
0.5785155892
0.0047732331
0.0011712578
0.0023706576
0.0095497156
0.1291114688
0.1549708843
0.0094219046
0.0044412306
0.0134854950
0.0210905112
0.0056117605
0.0070038983
0.0084904358
0.0241031162
0.0179224480
0.0494955406
0.1115467921
0.0251953565
0.0241857301
0.0135813700
0.0247146320
0.0009927338
0.0055752178
0.0211634506
0.0844653547
0.0020681717
0.0083269179
0.0079177869
0.0173593815
0.0003170614
0.1452771425
0.1842893064
0.0194152221
0.0244231485
0.0189600512
0.0845980644
0.0149048790
0.0203658771
0.0501714088
0.0094828904
0.0306713264
0.0102972779
0.0092056859
0.0017504392
0.0196982194
0.0217094719
0.0240758099
0.2285569012
0.0128189204
0.0047880295
0.7005880475
0.0295285061
0.3877131641
0.0264261980
0.0079011554
0.0663384050
0.0219409894
0.0341836177
0.0155473119
0.0033315511
0.0204505567
0.0505475402
0.0124618532
0.0101934457
0.0172929708
0.0144313024
0.0937909335
0.0017518353
0.2440230399
0.1136017814
0.0403830893
0.2700468600
0.0327928029
0.0990542248
0.0059555899
0.0107687628
0.0213123113
0.0102795362
0.0529070906
0.0163779017
0.0066891429
0.2908122838
0.0318986177
0.0089178793
0.0136731854
0.0145197539
0.0188474935
0.0215529557
0.0061423001
0.0154534150
0.1143723279
0.0820294917
0.0237502437
0.1145962998
0.0082026841
0.0486283265
0.0181043018
0.0005687475
0.0136347516
0.0075839134
0.0624590479
0.0453787372
0.0481485166
0.0281994641
0.1317809522
0.0036999546
0.1525159776
0.0430032238
0.0075432919
0.0137714464
0.0121948281
0.0380422622
0.0097540133
0.0175376181
0.0127455723
0.1347629577
0.0240872074
0.0319445580
0.0061273063
0.1922426820
0.2177435309
0.0152075496
0.0553319342
0.1766732633
0.0845695809
0.0268875342
0.0007458263
0.0113709569
0.0279395469
0.5306803584
0.0084523782
0.0195584279
0.0244909655
0.0110821435
0.0218285918
0.0028584905
0.2957899272
0.0305518731
0.0434604920
0.0014353988
0.0603578277
0.0205727816
0.0101204710
0.0034189180
0.0137327584
0.0006130943
0.0133279702
0.0452980436
0.0491217561
0.0031271740
0.0184316542
0.0132309319
0.1861231476
0.0344474167
0.0313895978
0.3375671208
0.0056983270
0.0556987114
0.0098604281
0.0280533135
0.0115969405
0.0388648435
0.0014200866
0.3934407532
0.0624328218
0.0184300337
0.0089620287
0.0027114630
0.0022802982
0.0023644315
0.0555711538
0.0027137771
0.1061050445
0.0282741282
0.0181336962
0.0162309520
0.0409780443
0.0063688704
0.0019070357
0.0075035254
0.0063198125
0.0252020191
0.0042033554
0.0410638154
0.0650088191
0.0103779566
0.0321131013
0.3085529804
0.0182831977
0.0037859576
0.0169497896
0.0724282488
0.0321085490
0.0800590590
0.0364946909
0.0052634180
0.0084970454
0.0000620889
0.0147294234
0.0857786834
0.0070030089
0.0928912684
0.0024520271
0.0368671641
0.1644390374
0.0774854496
0.0072600660
0.1876647919
0.0462432839
0.0029697332
0.0037564200
0.0026064855
0.0113634113
0.0006345514
0.1028105617
0.1439637393
0.0535745993
0.0044369320
0.0046154042
0.0154833617
0.0867872909
0.0133543052
0.0577100217
0.1365306526
0.0036520145
0.0217825118
0.0191050563
0.0065178475
0.0707324222
0.0078439564
0.0157086030
0.1687812358
0.0182099193
0.0087100742
0.0033221813
0.7344720364
0.1058902442
0.1836639941
0.0255567580
0.0000034448
0.1025688797
0.0226841196
0.0075561036
0.0100513436
0.0130999973
0.0148650464
0.0322202668
0.0186931174
0.0096657965
0.0144535769
0.1415849924
0.0183337107
0.1020046398
0.0313852541
0.0216421429
0.0250815153
0.0115960771
0.0143970791
0.0400533378
0.0245784409
0.0052874624
0.0056456919
0.0019578312
0.0195600297
0.0749355108
0.0273501929
0.0061766305
0.0132748494
0.0000327560
0.1263659447
0.0700512752
0.0144886272
0.0064063645
0.0412048064
0.0077852462
0.0074720918
0.0035403159
0.0146379229
0.0256554522
0.0172567461
0.0307284817
0.2000565082
0.0079082483
0.0197385997
0.0279037897
0.0090759275
0.0192203168
0.0260575805
0.1423778981
0.0293660928
0.0064252284
0.0325286612
0.0357908122
0.0384562053
0.1089487448
0.0073349308
0.1113329679
0.2263662070
0.0994549468
0.0176771563
0.0517766774
0.0011464964
0.0062154313
0.0149572762
0.0244506970
0.0171152763
0.0492893867
0.0368562303
0.0087252473
0.0632970855
0.0131724337
0.0192945227
0.0127816414
0.0102500385
0.0107631525
0.0149749834
0.0372412056
0.0193892606
0.0201499462
0.2609364986
0.0337273590
0.0953111574
0.0157896075
0.1205049083
0.0221816693
0.1080914140
0.0126987537
0.0461922921
0.0225008447
0.0199021976
0.0672101825
0.0736024901
0.0188047718
0.0126999617
0.0060197227
0.0037127626
0.0694742501
0.0499575585
0.0139819486
0.0000274544
0.0306628253
0.0004333782
0.0035317892
0.0132968407
0.0473958850
0.0793016180
0.0926000327
0.0104812887
0.0445819050
0.0071389214
0.0028243903
0.0555790551
0.1285518110
0.1005844697
0.0121453516
0.0571693331
0.0587692373
0.0412018485
0.0500745066
0.0060733357
0.6749308109
0.0038845115
0.0529461838
0.0369613171
0.0341425054
0.0037285963
0.0112148318
0.0145107508
0.0603662916
0.0130604049
0.0081468718
0.0192502774
0.0009147679
0.0015423571
0.0028519970
0.0233815033
0.0088320095
0.1067221463
0.4340590537
0.0048452648
0.0338269286
0.0989713967
0.0199402850
0.1323848814
0.0342295207
0.1185215190
0.0080658896
0.0063885115
0.0363565087
0.0687690601
0.0545597561
0.0055576023
0.0351715274
0.0098680193
0.0002037898
0.0215602051
0.0091264304
0.0490124449
0.0730131939
0.0103655495
0.0177415013
0.0116747180
0.2026717067
0.0172233786
0.0062303501
0.0069583999
0.0173675418
0.0554408617
0.0081128050
0.0812923983
0.1256845593
0.0350874662
0.0055097206
0.0151477857
0.0001222232
0.0039687529
0.0296781491
0.0019198185
0.0756183118
0.0067784102
0.0098118689
0.0238748789
0.0298023429
0.0079776440
0.0865418762
0.0093206093
0.0439824760
0.0016750044
0.0037717188
0.0955086425
0.0047186469
0.0334225297
0.0543318875
0.0056936466
0.0818096846
0.0152932648
0.0658234656
0.1160652936
0.0215766374
0.0050643887
0.0011761660
0.0766801238
0.0125159686
0.0482669808
0.0092416527
0.0069061341
0.0214553233
0.0142123001
0.0134423627
0.0340038799
0.0056431554
0.2836501896
0.0035639228
0.0442841239
0.1011805683
0.1673813462
0.0204582848
0.0060564256
0.0339016095
0.0040641115
0.0103288498
0.0258805212
0.0171384979
0.3281642199
0.0198409725
0.0808800682
0.0439383164
0.0265541300
0.1799840629
0.0103445128
0.0274737347
0.0156891886
0.0209615342
0.0869774669
0.0370592549
0.0684970021
0.0358634517
0.0089280214
0.0175012015
0.3028615117
0.0614044033
0.2155321985
0.0139452554
0.0676579773
0.0172447655
0.0063334219
0.0194328595
0.0065190303
0.0106257042
0.1847846508
0.0302506182
0.0065751323
0.0246830322
0.0349656530
0.0096772015
0.0072829076
0.0724994615
0.0857163444
0.0128474515
0.0141320368
0.0036372065
0.0722604319
0.0021431565
0.0059559792
0.0193193797
0.0057406253
0.0366483741
0.0288891960
0.0379394256
0.0115756718
0.0884587392
0.0078989239
0.0040261094
0.0616058819
0.0327834971
0.0052451026
0.0347395502
0.0056016529
0.0048843999
0.0707583055
0.0900135189
0.0386675484
0.0342899188
0.0088447463
0.0044967122
0.1718102396
0.0423181094
0.0081433905
0.0273133237
0.1423424184
0.3484333754
0.0310103204
0.0113820964
0.0316724740
0.1529550552
0.0061961603
0.0174001381
0.0016326716
0.0040158127
0.0217472278
0.0308988038
0.0535591990
0.0461581610
0.0798775107
0.1648644358
0.0090407869
0.0272402596
0.0327096470
0.0753100589
0.0375429429
0.1152446717
0.0323894881
0.0056326226
0.0686318427
0.0026276307
0.0682513639
0.1550893337
0.3441586494
0.0457181558
0.0415285565
0.0144154066
0.0233831052
0.0314483382
0.2027023882
0.0548247509
0.0629932880
0.0209817234
0.0119170668
0.0199476760
0.0030943763
0.0454217680
0.0035525293
0.0985247269
0.0025234732
0.0315481015
0.0476118773
0.0077476958
0.0072832829
0.0036949727
0.0264500082
0.0161532834
0.0516822152
0.0203033984
0.0240480639
0.0047700405
0.0252408721
0.0103747444
0.0135024367
0.0059422269
0.0342911445
0.4506139755
0.0721847415
0.0606980063
0.0271857418
0.1405720115
0.0301429201
0.0072731646
0.5654182434
0.0041170139
0.1029039100
0.0312611833
0.0095827738
0.0307590645
0.0054367580
0.0006139919
0.2197726965
0.0046021151
0.0023070474
0.0990036279
0.0016797561
0.0516224764
0.0012245156
0.0341046453
0.0174759384
0.0102815982
0.0427521914
0.0028524948
0.0035723234
0.0160457324
0.0071596797
0.0036427907
0.0677113235
0.2480224669
0.0012833946
0.0022054038
0.0869857892
0.0103643164
0.0086880177
0.0032155504
0.0796862543
0.0060138656
0.0802291334
0.0146433441
0.0250171516
0.0138621284
0.0051258490
0.0164208151
0.0584429428
0.0258214157
0.0249716938
0.0213558134
0.0840722024
0.0251882765
0.3647855222
0.0111399731
0.0033121584
0.0227892566
0.0878970027
0.0728966966
0.0414353609
0.1068124920
0.0236455463
0.0617697574
0.0050544892
0.0465884544
0.0033523540
0.0524335094
0.0515888259
0.0638617724
0.0553778484
0.2643607557
0.0026048857
0.0008125973
0.0190046486
0.0459381863
0.0138232764
0.0178173687
0.0141543839
0.1315770149
0.0003334545
0.0114248525
0.0134218251
0.0105901659
0.0013139367
0.0568685569
0.2221822888
0.0023272363
0.0141866757
0.0296935458
0.0843309835
0.0476466157
0.0113321599
0.0296112560
0.0107389297
0.0481342711
0.0771587864
0.0001157691
0.0153086837
0.0411518812
0.0090550752
0.0275968537
0.0067943130
0.0035521430
0.1814632416
0.0019912717
0.0189937260
0.0375123546
0.0095952358
0.0027653265
0.1019623876
0.0323425792
0.0097201550
0.0007337669
0.0085567813
0.0226321425
0.0041141883
0.0191790387
0.0033920440
0.0005078542
0.1318705380
0.0118886372
0.0171165839
0.0045626322
0.0327345431
0.0571671501
0.1752260029
0.0640843213
0.0005552166
0.0222616047
0.0453670025
0.0021422603
0.0229528099
0.0062848940
0.0043872432
0.0079037156
0.0179839451
0.0802549645
0.1053664014
0.0293391421
0.0126711279
0.0005064546
0.0083811581
0.1675774902
0.0000496672
0.0122111803
0.0084736850
0.0188724119
0.0186753441
0.0124786887
0.1918990910
0.0035665890
0.0362254009
0.0167722981
0.0198161304
0.0662909001
0.0762699172
0.0135352556
0.0610986762
0.0756663606
0.0510276109
0.0102836508
0.0063319756
0.0416684262
0.0044125132
0.1926493496
0.0012697926
0.0494503342
0.6056579947
0.0088198623
0.0027038609
0.0392626263
0.0075067929
0.0020420689
0.0115103303
0.0022895280
0.0208965503
0.0497385263
0.0063606952
0.5803912282
0.0271279551
0.0261441972
0.0062904623
0.0053323088
0.0009577711
0.0494234897
0.0223808326
0.0272495616
0.0106994892
0.0059762043
0.0150547083
0.0839824304
0.0075994544
0.0285380967
0.0595308281
0.0000688079
0.0746949837
0.0145361386
0.0238750726
0.0259696878
0.0293361675
0.0184345488
0.0928696319
0.0124391634
0.0100116795
0.0805637687
0.0592927150
0.1378885061
0.0293923896
0.0645367280
0.0240668487
0.0068631312
0.1382893771
0.0008221748
0.0088982452
0.0552306399
0.0283054877
0.0059408806
0.1083983928
0.0172519274
0.0088714389
0.0216034986
0.0516681820
0.0555558316
0.0970979407
0.3042473793
0.0300510880
0.0069375872
0.0026750902
0.1830384135
0.0218500756
0.0020823167
0.0170635507
0.0029041958
0.0014758903
0.0109851286
0.0220403466
0.0528255478
0.0192208793
0.0210298691
0.0096579762
0.0079588741
0.0083080074
0.0233424138
0.0189548675
0.0050460193
0.0510631762
0.0241759885
0.0868035182
0.0477230623
0.0049307626
0.0470670834
0.0101419417
0.1243283674
0.0022644072
0.0392276496
0.0422980785
0.0294633768
0.0064158379
0.1339610517
0.0338350460
0.1004495248
0.0039943056
0.0302028451
0.1493001282
0.0008806889
0.0211490970
0.0095248548
0.0202854816
0.2576627433
0.0101452647
0.1458362490
0.3266121447
0.1029033586
0.0238338243
0.0250458959
0.0030839823
0.0048967660
0.0063006883
0.1452741623
0.0009059293
0.0145142972
0.0360782035
0.0234677866
0.4033889771
0.0117936656
0.0590832271
0.0523311384
0.0299964864
0.0729092807
0.0110834539
0.0941034630
0.0136425188
0.3795166314
0.0097697135
0.0242070816
0.0637440309
0.0135591505
0.0220979564
0.0141499527
0.0234836154
0.0365854800
0.0204345137
0.0306414235
0.1186748669
0.0246955696
0.0103262523
0.0627925172
0.0207897052
0.0135907196
0.0217090566
0.0015462339
0.0097997291
0.0282067955
0.0289747883
0.0073254588
0.0061925175
0.0210853387
0.1386639029
0.0008513737
0.0078689149
0.0228955299
0.0036376938
0.0314880572
0.0228360761
0.0007781327
0.0674172863
0.0263628177
0.0092666913
0.0002601150
0.0662709847
0.0162422918
0.0031885477
0.0222167689
0.0418678671
0.1108971685
0.1017210633
0.0600558110
0.0128877843
0.0036565789
0.0104122534
0.0256447084
0.0276634973
0.1676968485
0.0386574864
0.0018239348
0.1302764267
0.0002535462
0.0052949432
0.0103469640
0.0069732158
0.0072060176
0.2273299545
0.0288088843
0.0388942026
0.0390022025
0.0617584661
0.0004148126
0.0063088918
0.0340551026
0.0054636127
0.0035696202
0.0006084191
0.0066655460
0.0242227074
0.0081284596
0.0122728124
0.0411969125
0.0076323557
0.0192697737
0.0060599367
0.3327002525
0.0075750719
0.0133055318
0.0115990890
0.0188625678
0.1626194715
0.0165648088
0.1140329391
0.3542650640
0.0313252546
0.3615415990
0.1886276156
0.0340380818
0.0496511869
0.0142335817
0.1097738668
0.0214086063
0.0423685722
0.1208576560
0.0417293832
0.0052663549
0.0877503008
0.0644803122
0.0067254575
0.0252492093
0.0321930535
0.1080975458
0.0303813331
0.0586217232
0.0179749373
0.0588848740
0.0052798158
0.4151085317
0.0467966609
0.0097554503
0.0001825115
0.0096280221
0.0956687778
0.0009080258
0.0264292173
0.0377791077
0.0284105595
0.0040537836
0.0809354112
0.0178876817
0.0216270741
0.0195494872
0.0401007272
0.0031715189
0.0477309600
0.0070171631
0.0793291926
0.0109798573
0.1546133608
0.0062418864
0.0085990354
0.0253401659
0.0683217496
0.0505283885
0.1632945091
0.0158052202
0.0104417363
0.0295039751
0.2377122939
0.0759430751
0.1036415920
0.1221773922
0.0868558809
0.0225339048
0.0212473758
0.0214618705
0.0354395881
0.0362006612
0.0727195665
0.0559646524
0.0001432436
0.2410572171
0.0398632772
0.0021340360
0.0162702929
0.0000346975
0.0019888890
0.0298265442
0.0077903564
0.0597726479
0.0169802159
0.0419118963
0.0128081255
0.0103448005
0.1469217241
0.0013508609
0.0212199353
0.0139905512
0.0274186656
0.1253437102
0.0011841389
0.0739355013
0.0000142744
0.0518400334
0.0499405898
0.0663596168
0.0232623983
0.0101552540
0.0095962910
0.0748932287
0.0260781497
0.0167659838
0.0843520463
0.1258286238
0.0161968842
0.0351931043
0.1141798869
0.0128306989
0.0256140493
0.0236225594
0.0139936619
0.0572015978
0.0410984606
0.0005797446
0.0116922604
0.1189336851
0.0208693165
0.0177003723
0.0185340736
0.0276896879
0.0044341818
0.0222883932
0.0163384657
0.0116347643
0.0104954829
0.0272386074
0.0276173037
0.0232680347
0.0153998137
0.0175404847
0.0233311038
0.1131007075
0.0281098951
0.0176160447
0.4582317173
0.2109246403
0.1565281600
0.0053964471
0.0073115453
0.0837041736
0.0711264387
0.0165073257
0.0723582208
0.0476868786
0.0042673163
0.0167791415
0.0891337991
0.0263238996
0.0032402326
0.0992077291
0.0016612618
0.1117569134
0.0086744595
0.0436337963
0.2327754945
0.0138409417
0.0046540848
0.0748909935
0.0006993795
0.0559882037
0.0023345728
0.0075399047
0.0030353726
0.0076338393
0.1150320694
0.0145852240
0.0000845045
0.0325007364
0.1437075436
0.0059709153
0.0315419659
0.0146773094
0.0471022762
0.0198405497
0.0084872367
0.0112723960
0.0055067199
0.2114899755
0.0227547716
0.1733859032
0.0513819493
0.0216129180
0.0120247072
0.0754721388
0.0054832515
0.0038904722
0.2080669701
0.0143721392
0.0014021839
0.0102180792
0.0200571064
0.0035787039
0.0127234394
0.0301290490
0.0330509767
0.0002217794
0.0041105226
0.0989326239
0.0617072657
0.0245847832
0.0014177178
0.0155406576
0.0089659430
0.0244721100
0.0164014250
0.0312108845
0.0430796817
0.0120222596
0.0032392964
0.0112747876
0.0620342903
0.0060995449
0.0081761815
0.0003236539
0.0139170354
0.1164594665
0.0000618591
0.0153541639
0.0039534727
0.0089747515
0.0183206555
0.0222142395
0.0153063470
0.1092482209
0.0239220373
0.0872220024
0.0383491516
0.0243475642
0.0168397576
0.0245852340
0.8192000985
0.0364430547
0.0217850879
0.0182782579
0.1752245873
0.0182873569
0.0035107492
0.0518730283
0.0226224884
0.0304600596
0.3048625290
0.0901162177
0.0248503070
0.0155059779
0.1755776256
0.0182290394
0.0070870072
0.0156015661
0.0197433382
0.0148859741
0.0480625518
0.0010536691
0.1833716333
0.0247380137
0.2161476910
0.0084904637
0.1396950632
0.2506141663
0.0065161842
0.0993858874
0.0360926092
0.0049300254
0.0146804890
0.0342876688
0.0107758418
0.0242781807
0.0548101403
0.0095697977
0.0941546410
0.0078364080
0.0396415889
0.0205454640
0.0165595040
0.0135570848
0.0295381136
0.0208531059
0.0130706262
0.1625468880
0.0211627297
0.0425090007
0.0006358415
0.0167479143
0.0024254008
0.0260684136
0.2436132282
0.1621502787
0.0294680670
0.0232730955
0.0964135900
0.0368827693
0.0682079569
0.0521089658
0.0823934674
0.0636346713
0.0966453701
0.0458150022
0.0340879112
0.0951055735
0.1016160548
0.1953749657
0.0223221891
0.0400246792
0.6718028784
0.1175364703
0.1276453584
0.1313707680
0.0251153614
0.1464883685
0.0023499795
0.1023434326
0.0224675592
0.0215156488
0.0324241817
0.0022459859
0.0042330627
0.0143476883
0.1597417295
0.0824686065
0.0224525481
0.0041623530
0.0273428932
0.0097759701
0.0362176858
0.1754550785
0.0122248596
0.1321739554
0.0134923914
0.1043557003
0.0711881891
0.0317120142
0.0423033461
0.0073300437
0.0020762319
0.0166186877
0.0049141115
0.0001274051
0.0072675510
0.0100710150
0.0060098423
0.0074693346
0.0317307897
0.0136771342
0.0010218599
0.0115078939
0.3145356774
0.0131998453
0.0155434581
0.0087399166
0.1128728241
0.0356592387
0.0133539541
0.0068730772
0.0636500120
0.0954652354
0.2745557427
0.7739878893
0.0057196775
0.3155250847
0.0442308635
0.0410811268
0.0148778921
0.1583596915
0.0454501137
0.0129847704
0.0392676108
0.0586296879
0.3745059371
0.0276775789
0.0532813333
0.0487021469
0.4421356618
0.0279302504
0.3876463473
0.0776130706
0.1434206069
0.0097931474
0.0107263746
0.0478511155
0.0305296462
0.0167009830
0.0033188330
0.0464803502
0.0015966531
0.0033933320
0.0114028845
0.0054307510
0.0154523412
0.1103331596
0.0693895519
0.0275684223
0.0011213394
0.0095857931
0.0000407688
0.0072606951
0.0071263597
0.0296508297
0.0039444398
0.0170971733
0.0037387772
0.0020344441
0.0541512929
0.0188753679
0.0064559430
0.0471933112
0.0117275277
0.0615164042
0.0568633266
0.0394850783
0.0165135972
0.0114751132
0.0138747087
0.0168091860
0.0217671096
0.0821792334
0.0677775741
0.1779412180
0.0280744322
0.0013699848
0.0876323283
0.0248251073
0.0038268934
0.0412607566
0.0048299963
0.2608861923
0.1194675937
0.1164116412
0.0097779138
0.0143903410
0.0412682891
0.0558846854
0.1717732847
0.0071363328
0.0040581943
0.0138444491
0.0040254840
0.0149476249
0.0410797410
0.0126258414
0.2238068432
0.0000227144
0.0415192842
0.0192374922
0.0015504609
0.0031188373
0.0069098854
0.2982836068
0.0117575247
0.0853882730
0.0374759175
0.0004183390
0.3273775578
0.0164682753
0.0022656973
0.1818664968
0.4823547304
0.0034862889
0.0116185946
0.0370174013
0.0267838947
0.0195343941
0.0064816028
0.0199001152
0.0152251832
0.0241184440
0.0871167555
0.0058252593
0.0838586539
0.0384920463
0.1431489438
0.1879297942
0.0152917793
0.0218832418
0.0041691791
0.1887515634
0.0114333164
0.0066060489
0.0165286176
0.0096692117
0.0074123084
0.0657878220
0.0302264430
0.0077843326
0.0032841924
0.0070753461
0.0850981474
0.0051345616
0.1828611344
0.0496803597
0.1168612391
0.0238704067
0.0238592755
0.0245063994
0.0120825795
0.0742568821
0.0805438980
0.0118971383
0.0071762567
0.0408466905
0.0307686031
0.0308557898
0.0356910974
0.0030172248
0.0130222300
0.1119044200
0.0882189721
0.0058600749
0.0153810987
0.0698479488
0.0022473051
0.0234124269
0.0138896117
0.0646691024
0.0204487983
0.0227084998
0.0116936648
0.0130513730
0.0611869693
0.0347802155
0.0142802019
0.1489757448
0.0354629755
0.0206008423
0.0109632891
0.0017454477
0.0151770562
0.0490340404
0.0033552926
0.1913224608
0.3678728044
0.0097912708
0.0270267576
0.0078800572
0.0270908047
0.0186442565
0.0000883598
0.1662112325
0.0082758116
0.0106885433
0.0936143398
0.5125932097
0.0326279439
0.0258967653
0.0188209526
0.0116885025
0.0158577990
0.0105518382
0.0566550866
0.0131720370
0.0328644253
0.0035715678
0.1692695469
0.0271146800
0.1200361177
0.0104186386
0.0099695725
0.2656879425
0.0187316351
0.0060103890
0.0139213037
0.0301463101
0.0053316564
0.1111424416
0.0058189663
0.0571176820
0.0422708243
0.0075592301
0.0005314284
0.0335447639
0.1086928621
0.0149755599
0.0089877220
0.0972115770
0.0454969965
0.0173775200
0.1103423536
0.0064138570
0.0388515480
0.0035427695
0.1151840463
0.0006850025
0.0083532892
0.0500029661
0.0016166016
0.0071819425
0.0304405820
0.0168625172
0.0377620049
0.0074459799
0.0042802179
0.0321695879
0.0065374062
0.0277967378
0.0153278429
0.0092947986
0.0088670962
0.0036443400
0.0614690967
0.0535018966
0.0104345046
0.0506702736
0.0316909216
0.0228272323
0.0148216952
0.0799023211
0.0133481240
0.0078126397
0.0183616169
0.0695063472
0.0773132965
0.0234306715
0.0049981992
0.0010075052
0.0222201794
0.3298603594
0.0125504509
0.0064562582
0.0199537911
0.0268665198
0.0234055519
0.0033728275
0.4195630550
0.2167998254
0.2873961627
0.0196453054
0.0132778473
0.1475819647
0.1074704528
0.0641911626
0.0586489439
0.0179353096
0.0072068362
0.0136100519
0.0146315694
0.0064289616
0.0580789596
0.0485455208
0.0296603590
0.3181178570
0.0241972674
0.0146436468
0.2395101190
0.0209946949
0.0190978516
0.0426619500
0.0141982185
0.2388180494
0.0205060020
0.0187384374
0.0387833193
0.0661919490
0.0092980713
0.0079027293
0.0677140802
0.2699173987
0.0217165612
0.0194578581
0.0158749688
0.1648473591
0.0677008182
0.0317248218
0.0076240343
0.0289375819
0.0643614456
0.3328374326
0.0056187469
0.0119900638
0.0312068537
0.0196477063
0.0079420544
0.0091865724
0.0305249263
0.0325163640
0.0181963053
0.0335350223
0.0998600945
0.0576782152
0.0234597512
0.1431031674
0.0109508093
0.0106865764
0.0125072785
0.0036897282
0.0553997792
0.0044726073
0.0106157679
0.0055032838
0.2809837759
0.0273092948
0.0006137585
0.0001430186
0.0445935316
0.0055321027
0.0278428569
0.0007110579
0.0080968235
0.0084666731
0.0014709508
0.0087313196
0.1608897597
0.0016295013
0.0355843678
0.0097648147
0.0466491170
0.0224673506
0.0008344761
0.0048959325
0.0262543373
0.0094522778
0.0102457972
0.0077839424
0.0181861129
0.0142515432
0.0031084986
0.0051521924
0.0351386517
0.0079056313
0.0118880384
0.0500125885
0.2641743422
0.0696694851
0.0124447644
0.0389890820
0.0227842703
0.0108881406
0.0249612331
0.0150780156
0.0375473909
0.0037098639
0.3203480542
0.0179867577
0.0456597432
0.0065524001
0.0231948234
0.0555043593
0.0659659505
0.0175965894
0.0027109922
0.0649786666
0.0665161312
0.0310104508
0.0174115319
0.1729761511
0.0070591145
0.0738351420
0.0889003202
0.0346522629
0.0143436622
0.0090934373
0.0216509439
0.0006164928
0.0434748903
0.0631294698
0.2388860881
0.0018068607
0.0080559263
0.0178454854
0.0392274149
0.0209945571
0.0070663211
0.0171389561
0.0399026349
0.0196212530
0.0039301864
0.0559113845
0.0173827652
0.0097588226
0.1536469460
0.0158906206
0.1681917906
0.0097437110
0.0213545710
0.0068725105
0.0927335843
0.0548165143
0.0022437302
0.0093693044
0.0969347507
0.0248968378
0.0037057318
0.0234623253
0.0317959897
0.0080145327
0.0859419107
0.1391397715
0.0553121492
0.0199704617
0.0044656103
0.0088379933
0.0027640841
0.8412947655
0.0230905320
0.0224803090
0.1233785152
0.1281142682
0.0387175456
0.0283456966
0.0036936565
0.0261639226
0.0548946410
0.0275191758
0.0092364019
0.0043145651
0.0097899847
0.1236949563
0.0824688748
0.0557838120
0.0017103194
0.1790476888
0.0630699620
0.0217352603
0.0101415347
0.0162085742
0.0087365471
0.0844739676
0.0720817074
0.0261478685
0.0014305359
0.0432623886
0.0904803723
0.0882155076
0.0055655553
0.0238443762
0.0889307559
0.1414109915
0.2805763781
0.0012936662
0.0100094406
0.0756140947
0.0033336959
0.0549760088
0.0248378068
0.2003678381
0.0147114843
0.1756520122
0.0112232147
0.1017166600
0.0061953384
0.0008498471
0.0758550167
0.0292525273
0.1358185560
0.0040899455
0.0341532156
0.0091814697
0.0166337416
0.0552307554
0.6788370013
0.0793734342
0.0059277415
0.0041668140
0.0033888170
0.0205359738
0.0180475470
0.0108047249
0.0350346081
0.1570309997
0.0220757704
0.0195807423
0.0051444825
0.0967307761
0.4897630215
0.0634786189
0.0224504136
0.0242579766
0.0031850545
0.0051714191
0.1608076394
0.0023509548
0.0233612489
0.0260467157
0.0181607921
0.0665737316
0.0013597673
0.0841369033
0.0138209937
0.0138087403
0.0163205713
0.0666452870
0.0657359138
0.1184615344
0.0816306993
0.0875045285
0.0277637038
0.0225034673
0.4069075882
0.0226552896
0.0001577482
0.0662252158
0.0628256574
0.0042037405
0.0795199126
0.0053676395
0.2012803406
0.0437044874
0.0018896410
0.1506865174
0.0149176968
0.0014339478
0.0444354303
0.0090383571
0.0165994894
0.0663272440
0.0108429799
0.0125234611
0.0025271140
0.0708812252
0.0336669534
0.0617487058
0.0025402666
0.0048620314
0.0148406886
0.0072612106
0.0033111149
0.0088958731
0.0425961539
0.0361177996
0.1415102482
0.0130832409
0.0010725412
0.0057141152
0.0011161886
0.0117928255
0.3278867304
0.0439292341
0.0193581376
0.0482473113
0.0076260623
0.0406385623
0.0614676699
0.0020680714
0.0876331255
0.0050165760
0.0076914383
0.0098355757
0.0245246794
0.0441578627
0.0119222431
0.0074618086
0.0165129304
0.0352355056
0.0598929413
0.0362829529
0.0295054633
0.0141426912
0.0079944283
0.1153519526
0.0706507415
0.0060516312
0.0364019386
0.1501612961
0.0110871866
0.0045794426
0.0070661572
0.0059835054
0.0394116119
0.0126083763
0.0083666984
0.0214924011
0.0729501918
0.0608600527
0.0444416218
0.0336948521
0.0184719842
0.0207434911
0.0005598995
0.1424671859
0.0331151485
0.2094285339
0.0015574746
0.0239547808
0.0325705893
0.0053273998
0.0171771906
0.0057634641
0.1083993837
0.0099832071
0.0218176190
0.0335817300
0.0574626289
0.0426419936
0.0196917895
0.0067964438
0.0050816499
0.0060117226
0.0005460695
0.0316458978
0.0282305796
0.0039206068
0.0395770408
0.0678194314
0.1165461019
0.1864958555
0.0343300030
0.1111106426
0.0018239280
0.0546737537
0.2688385546
0.0121821864
0.0083187753
0.0517526753
0.0124278627
0.0175287556
0.4216356277
0.1130261794
0.0137970252
0.0414796434
0.2245564461
0.0121089220
0.0228052717
0.0203893017
0.0060779168
0.0497641005
0.0261526871
0.0027954052
0.0229685679
0.0107734883
0.0137087815
0.0174603816
0.0189556386
0.0305096600
0.0151941711
0.0146853374
0.0108671663
0.0068636835
0.0000565243
0.0012877285
0.0167891737
0.0041484572
0.0046728342
0.0024993869
0.1009548306
0.1014034450
0.0226927176
0.0831621662
0.0132573899
0.0342366360
0.3720373213
0.0248283036
0.0025023536
0.0527725779
0.1107479855
0.1081829965
0.0289882999
0.0036054116
0.0195038579
0.0387321897
0.0147986934
0.0110769654
0.1044750437
0.0127734663
0.0322168097
0.0043323701
0.0558397174
0.2524833679
0.0183274299
0.1523806602
0.0921443775
0.0250818878
0.0232924279
0.0096168388
0.0084335087
0.0169970170
0.0192299280
0.0662516877
0.0279065613
0.0056609367
0.0791303888
0.0182542298
0.0053790850
0.0145277400
0.0014053220
0.0120181879
0.0430249721
0.2904299200
0.0687493607
0.1458370835
0.0051007858
0.0012058142
0.0163360890
0.2093880177
0.0278057456
0.0815741271
0.0059009399
0.0277736280
0.2265046537
0.0268495083
0.3136489987
0.0298756622
0.0224077459
0.0447232574
0.1739625335
0.0100632831
0.0002397445
0.0117717162
0.1174064204
0.0418493673
0.0101811988
0.0216417685
0.0393840186
0.0288244002
0.0595511198
0.1615105569
0.0094423443
0.0259826817
0.0188765600
0.0028815465
0.0300057419
0.1547746956
0.1116596013
0.0364453308
0.0035374810
0.0676618814
0.0107924044
0.0138056707
0.1771959662
0.0031734610
0.0033029246
0.0483950190
0.0325894766
0.1854070276
0.0000141938
0.0162417963
0.0050308574
0.0258848649
0.0511666015
0.0200664289
0.0309294090
0.0412465148
0.0088862302
0.0240134392
0.0214034673
0.0028896153
0.0269454960
0.0318646021
0.0413357615
0.0166256800
0.0094206221
0.0158674233
0.0041063554
0.0845226571
0.0208620690
0.0191151462
0.0040754178
0.3517878950
0.0111874156
0.0399886556
0.0229477417
0.0100629702
0.0016755243
0.0290408786
0.0037935621
0.0302093402
0.1236298829
0.0495888740
0.0132887708
0.0200478341
0.0042880652
0.0179773699
0.0163901895
0.0621068850
0.0108626559
0.0144217089
0.0025716652
0.0097318022
0.0089651123
0.0123810088
0.0103186527
0.0328989588
0.0412648283
0.0082118129
0.0218683966
0.3750254512
0.0028161765
0.0125214271
0.0516912490
0.0068884306
0.0284188539
0.0036266325
0.0518050715
0.0503266752
0.1072791815
0.0628623143
0.0183871239
0.0071336809
0.0495951213
0.0029724624
0.0153275775
0.0163200144
0.0152252959
0.0065347003
0.0046835826
0.0293290671
0.0055942736
0.0168887023
0.0265742950
0.0354679525
0.0117545007
0.0112178093
0.0002843129
0.0028284166
0.0204729531
0.0557576828
0.0203520525
0.0210685693
0.0086909756
0.0757706910
0.0390489548
0.0142974965
0.0035652299
0.0025325513
0.0281590614
0.0325748511
0.0026066850
0.0074356715
0.0176557153
0.0005493619
0.0143935941
0.0170127116
0.0225947965
0.2728716135
0.0031068677
0.0456263646
0.0038181071
0.0601583421
0.1932125986
0.0600853972
0.0150254015
0.0678166598
0.0115132928
0.1319835186
0.0011496504
0.0000832322
0.0150347184
0.0017126568
0.0378331654
0.0045452053
0.0291797444
0.0000289672
1.0000000000
0.0093447864
0.0090917237
0.0359053575
0.0027661326
0.0104173906
0.0046663960
0.0110364584
0.0172863435
0.1290182024
0.0124670248
0.0424457192
0.0020517616
0.0040757838
0.1303935647
0.0160191394
0.0282041952
0.0303103812
0.2282658219
0.0302493833
0.3155584931
0.0036320244
0.0104282284
0.0187856536
0.1809140146
0.0011482014
0.1094216108
0.1236423030
0.0038666825
0.0576910935
0.0046445611
0.0020192349
0.0000089852
0.0678994060
0.0243120119
0.0260001738
0.0000105696
0.0040246355
0.3573030829
0.0191795044
0.0659135506
0.0149336327
0.0015933143
0.0077729635
0.0018380939
0.0077953185
0.0312951282
0.0141868964
0.0783220232
0.0987428352
0.0054580863
0.0068736724
0.0498902053
0.0029488055
0.0157573540
0.0123300478
0.0190351699
0.0065088593
0.1635714173
0.0109228631
0.0663635135
0.0244647488
0.0065064728
0.0094227493
0.3352604806
0.0568406954
0.1355069727
0.0773828551
0.0286615081
0.0663453788
0.0190184414
0.1190614104
0.0505714901
0.0496675819
0.0730000585
0.0032837286
0.0576461777
0.0077354214
0.1492471546
0.0212804135
0.0039709816
0.0192565396
0.0059343423
0.0150227472
0.0079741245
0.0083666667
0.0348113067
0.0072026202
0.0007775064
0.0179800056
0.0178129971
0.0123976842
0.0217512976
0.0109010115
0.0094874240
0.0021558991
0.0014415907
0.0387070142
0.0011301866
0.0262738559
0.0159181897
0.0346446894
0.0394589007
0.0010460857
0.0085803894
0.0074917423
0.0030663861
0.0678338557
0.0257489104
0.0700305551
0.0329086371
0.0304421857
0.0419610552
0.0104164658
0.0303299706
0.0993992984
0.0050112875
0.1123992279
0.0044350196
0.0086363805
0.0010874067
0.0008330624
0.0243961494
0.0032331548
0.0233421195
0.0297350045
0.0246590972
0.0029573939
0.0106403669
0.0074254554
0.0392935313
0.0384156518
0.0151497340
0.0031993126
0.0080279876
0.0779872388
0.0147686079
0.0813811719
0.0258225556
0.0245982707
0.0314730555
0.0467189364
0.0557853021
0.0129984356
0.0151278935
0.0135826683
0.0042450144
0.0204542242
0.0175047182
0.0004561259
0.1065074950
0.0155297546
0.0345501974
0.0555265769
0.0079546692
0.1565473229
0.0165010933
0.0200929847
0.4863089621
0.0707659647
0.0672761425
0.0255934410
0.0079608923
0.0533303991
0.0139698256
0.0061648036
0.0020080293
0.0001316639
0.0046133981
0.0104014548
0.0013389615
0.0060432013
0.0831145421
0.0013526632
0.0517764874
0.1009073853
0.1404339075
0.0860429928
0.0440322943
0.0096215811
0.0046843360
0.0289353766
0.0367425047
0.0069471630
0.0584485121
0.0000853259
0.0924489796
0.0136404727
0.0414628051
0.0102365743
0.0035657503
0.0101346681
0.0118414247
0.0398020111
0.1057608724
0.0085193226
0.0103883930
0.0320976041
0.0762768388
0.0290361308
0.1067665517
0.0030997808
0.0405054651
0.0121801198
0.0290721748
0.0015675529
0.0085975481
0.0232516974
0.0038921635
0.0174498577
0.0095092896
0.0022939860
0.0040416112
0.0073822020
0.0223342329
0.0526564643
0.0025410349
0.0165640935
0.0089241201
0.0096193189
0.0832411796
0.0182822943
0.0168837961
0.0029023364
0.0180863738
0.0749769285
0.0731784180
0.0153511493
0.0171446931
0.0071023912
0.1323927194
0.0362671316
0.0438152403
0.0785029531
0.0652862564
0.0338424295
0.0038202349
0.0267016049
0.0202626828
0.1442975253
0.0037821126
0.2524535954
0.0661038011
0.0368160233
0.0411746763
0.0122309765
0.1564412117
0.0046617296
0.0199805759
0.0269553326
0.0354663543
0.0161545705
0.0259455387
0.0573180355
0.0100595886
0.0221042428
0.0358458832
0.0185642485
0.0197760295
0.0206441432
0.0043357280
0.0209694579
0.0269597545
0.0053982446
0.0209188145
0.1976963282
0.0718951896
0.0352323167
0.0493632145
0.0931465179
0.0061233295
0.0097932639
0.0598057024
0.0128754210
0.0036972978
0.0171800330
0.0048803915
0.0245389882
0.0052956040
0.0295586046
0.0221114680
0.0222610310
0.0066972240
0.0001342070
0.0619596131
0.0717427358
0.0290685091
0.0422918946
0.0425003767
0.0354237221
0.0156773515
0.0290149134
0.0686417446
0.1065438911
0.0051444750
0.0516248569
0.0016808121
0.0071722488
0.0343333073
0.0572793484
0.2129274607
0.0023316126
0.0047002994
0.0168825462
0.0327853635
0.0286670402
0.0787674263
0.0363281667
0.0095656049
0.0661170706
0.0331629924
0.0044956580
0.0165288821
0.2245679945
0.0971189290
0.0117118368
0.0156532414
0.0192412585
0.0024741031
0.0018178438
0.3351216912
0.0473712608
0.0029283895
0.0012071001
0.0600415654
0.1741548032
0.0973416045
0.0282789338
0.1317794919
0.0046933955
0.0114688231
0.0577523671
0.0832868069
0.0013685197
0.1375728399
0.0149116581
0.0529224351
0.0531686507
0.0041381395
0.0180391911
0.0022252260
0.0021119518
0.0502767600
0.0030366916
0.0978936031
0.0306909401
0.0058615948
0.0062124780
0.0864486396
0.0277368650
0.0237684380
0.0056597637
0.0594614819
0.0128225833
0.0253462438
0.1872412711
0.0500402786
0.0393967927
0.0622203834
0.0426939428
0.0609336235
0.0388276242
0.0091517596
0.0169942137
0.0214854423
0.0687801093
0.0105607035
0.0286076162
0.0502563491
0.1965666562
0.0639540404
0.0182411131
0.0247443020
0.0477530211
0.0022833941
0.0040103393
0.0458524227
0.0194364898
0.0297783501
0.6160513163
0.0410118066
0.0147660542
0.3751289546
0.1277862340
0.0043379562
0.0084912069
0.0200770218
0.0049362024
0.0079591032
0.0384248532
0.0403751992
0.0085240202
0.5016980171
0.0354292467
0.0188116822
0.0326746181
0.0106150070
0.0080555798
0.0078171873
0.0274392460
0.0111411614
0.0282457191
0.0192984138
0.0227956511
0.0435167998
0.0177474581
0.0209008362
0.0616763979
0.0452153124
0.0051538404
0.3294381499
0.0602703057
0.0025135954
0.0753866434
0.0015107889
0.0028281505
0.2031944841
0.0478144996
0.0397495665
0.0099632824
0.0692691356
0.1707364470
0.0160725545
0.0451612435
0.1103313863
0.0031272797
0.0288960449
0.0430508628
0.0367974676
0.0270625297
0.0084427483
0.0232507009
0.0762132332
0.0708202943
0.0004420819
0.0483886674
0.0306169745
0.1481114924
0.0175708234
0.0122628640
0.0678324252
0.0194512550
0.0186913423
0.0891872048
0.0317735970
0.1006402373
0.0023225944
0.0102972053
0.0165958535
0.0100950310
0.0123288585
0.0433191471
0.3452024162
0.0147174234
0.0590170845
0.0072622760
0.0922393352
0.0034697226
0.0091575813
0.0042865220
0.0806632861
0.1121658534
0.0033296645
0.0092050023
0.0502679795
0.0116590373
0.0198144522
0.0318042114
0.0142640676
0.0581352897
0.0088262223
0.0368457846
0.0216921102
0.0300046187
0.1396044344
0.0595265552
0.0099559426
0.0588866659
0.0003424106
0.0072998125
0.0063704848
0.0017508817
0.0148020731
0.0050530722
0.0193179846
0.0077268286
0.0179754924
0.0058343266
0.0131911840
0.0226768851
0.1210237741
0.1323977262
0.1510370970
0.1487562805
0.0044164783
0.1912688315
0.0085743628
0.0153133357
0.0094995853
0.0168804545
0.0204585902
0.0114988983
0.1125426292
0.0857283548
0.0115811825
0.0077489419
0.0462078378
0.0052596647
0.0263976902
0.0155072734
0.0776352733
0.0112994844
0.0032937212
0.0363153294
0.0071517122
0.0055384254
0.0212849788
0.0074363193
0.0351594575
0.0182405636
0.0421057381
0.0235850327
0.0056000012
0.0085384594
0.0291132685
0.0076438491
0.0113568092
0.0244625974
0.0093595544
0.0019337814
0.0037327183
0.0052609243
0.0012782966
0.0310040731
0.0308715235
0.0343882218
0.0520759299
0.0161364824
0.0452816635
0.0146181351
0.2748515606
0.0044425549
0.0288745034
0.0260199737
0.0254868418
0.0200671125
0.0089954045
0.0371923409
0.0126398774
0.0194659922
0.0079202745
0.0049092313
0.0105807176
0.0406594686
0.0133039858
0.0744439587
0.0060144872
0.0184430648
0.0162335709
0.0094545772
0.0741621703
0.0011121877
0.2739922702
0.0262452886
0.0162487477
0.0085295746
0.0109060304
0.0504873656
0.0109854704
0.0008656724
0.0174167696
0.0059501608
0.0023393433
0.0723800659
0.0096183922
0.0943063572
0.0055169943
0.0046393308
0.0140534090
0.0069426014
0.0197012126
0.1291121989
0.0958316550
0.0221479610
0.1680879891
0.0056209401
0.0009964663
0.0890801325
0.0092128338
0.0086753620
0.0185616296
0.0163576044
0.0052201999
0.0357433856
0.0027605612
0.0195102990
0.0265225768
0.0603636913
0.0163670145
0.0344501473
0.0340951085
0.0069040530
0.0145250643
0.0149261924
0.0221230704
0.1373988539
0.0294246376
0.0177060347
0.3776540160
0.0240841806
0.0078112017
0.0090882098
0.3513784409
0.0231872611
0.0296356659
0.2610230744
0.0162543356
0.0660492331
0.0262079500
0.0540709719
0.0051402985
0.0006025511
0.0563270003
0.0427007526
0.0159993917
0.0114957932
0.0607051887
0.0115174288
0.0043863202
0.0297894087
0.0195207447
0.0969152376
0.0648928508
0.0686285794
0.0178769641
0.0091220159
0.0032400491
0.0000852911
0.0168839768
0.0776347443
0.0075626182
0.0613114797
0.0187849067
0.0041765883
0.0058402210
0.0431446657
0.0308645889
0.0292166304
0.0265936684
0.0063369218
0.0211714040
0.0107428469
0.0203362238
0.0163036473
0.3562785387
0.0096826637
0.0010420440
0.0025649215
0.0670015514
0.0220915172
0.0116269803
0.0352865309
0.0243711472
0.0132032866
0.0112826945
0.0499457568
0.0196892824
0.0128277577
0.0026934491
0.0243799705
0.0236888956
0.0754005983
0.3924183249
0.0276760049
0.0557847619
0.0122103803
0.0000208616
0.0037226283
0.0080589866
0.0219502263
0.1132190749
0.0679686293
0.0448037125
0.0341532901
0.0032891596
0.1855485141
0.0708760992
0.0129061053
0.0047432026
0.0133853219
0.0079538263
0.0141028427
0.0841509625
0.0099990033
0.0016022528
0.0626872033
0.0273878351
0.0001206098
0.0040505291
0.2240276486
0.0101173185
0.0074978424
0.0043959455
0.0452450439
0.0269548297
0.0005990178
0.0279421918
0.0093268063
0.0492700487
0.2992186546
0.0170691498
0.0062626810
0.0148638869
0.0080075152
0.0080354298
0.0325614698
0.0329363756
0.1410497725
0.0651145875
0.0147950174
0.0340478756
0.0083812894
0.0547675081
0.0269649699
0.0517929494
0.0043216133
0.0065597352
0.0505344495
0.0022362492
0.0066483198
0.0388431884
0.0645076185
0.0132365664
0.0250831470
0.0454209112
0.0142589202
0.0657132342
0.0149242990
0.0105375843
0.0301943123
0.0104346918
0.0000301610
0.2372747511
0.0017192455
0.0102388076
0.0050679334
0.0675136149
0.0349220224
0.0503549464
0.1807390898
0.1575729400
0.1326671690
0.0696460530
0.0076314588
0.0056484099
0.0042048488
0.1912969798
0.0876450762
0.0052429410
0.0061910180
0.0730537921
0.0326923914
0.0024808957
0.0272792429
0.0090481983
0.0159810092
0.0242121611
0.0348429903
0.0087264264
0.0084721707
0.1995724887
0.0118584111
0.1465288401
0.0175069906
0.0080067087
0.0331274271
0.0112489099
0.0237881094
0.0089000287
0.0238182880
0.0026065749
0.0308999550
0.0019524808
0.0127973603
0.0643841773
0.0134756649
0.0581566989
0.1168830693
0.0023499706
0.6732506752
0.0266385004
0.0079027666
0.0156315379
0.0297463331
0.1149372533
0.0066321916
0.0213012844
0.0138693266
0.0142134363
0.0137614189
0.0755597502
0.0316289179
0.0282718167
0.0033584277
0.0150871398
0.0149656748
0.0127148293
0.1675635278
0.0122963721
0.0304839313
0.0118292794
0.0049605831
0.0060502775
0.0186337214
0.0031137250
0.0091031790
0.0035248015
0.1165078506
0.0401887968
0.0786241442
0.0089765713
0.0018264820
0.0238476414
0.0076899752
0.0013871329
0.0502118692
0.0248000808
0.0311497245
0.0237380620
0.0546960719
0.1683862507
0.0143637937
0.0155588612
0.0309603270
0.0115935644
0.0310818329
0.3670938909
0.0069898809
0.0054788119
0.0217128340
0.0066255191
0.0059170006
0.0216725711
0.0019069115
0.1217721403
0.0053116106
0.0252080169
0.0002288152
0.0070054769
0.2088457793
0.0649874136
0.0131495493
0.0180452894
0.0200562403
0.0451781675
0.0013692941
0.1229871064
0.0124575878
0.0705062151
0.1034753770
0.0777555183
0.0116121834
0.0269876104
0.0093935039
0.0191634465
0.0141901113
0.0111987209
0.0176036954
0.0006730231
0.0052669845
0.0151961902
0.0258668792
0.0202492941
0.1222669780
0.0542487986
0.1051507518
0.0156751368
0.0284653455
0.0157002825
0.0033427558
0.0424281433
0.0238385666
0.0100058494
0.0231638383
0.9428718090
0.0147515228
0.0072986069
0.0060343775
0.0401793048
0.0053728763
0.0034150647
0.0351796187
0.0081697647
0.0185832810
0.0040395157
0.0042300047
0.0494193695
0.0034950648
0.0089861164
0.1769789755
0.0096653961
0.0153634092
0.0216823071
0.0097893151
0.0102073392
0.0019412467
0.0030022983
0.2879199684
0.0051888269
0.0311594177
0.0159481242
0.0072186436
0.0182092693
0.0170911327
0.2047554106
0.0225733873
0.0211237762
0.0074663162
0.0823760852
0.0030691454
0.0574540533
0.0082618827
0.0879483819
0.0041570649
0.0165893584
0.0392258950
0.1438209862
0.0243308283
0.0192565564
0.0140697844
0.3071718812
0.0154897757
0.0072101704
0.0078982143
0.0195772909
0.0122122904
0.0759447888
0.0305638071
0.0065666349
0.0053993301
0.0231092293
0.1500396430
0.0165224336
0.0638557002
0.4455716312
0.0074560549
0.0384371579
0.0684198514
0.1370441616
0.0013910334
0.0125813112
0.0152087975
0.0533125736
0.0461283363
0.0627266765
0.6430503726
0.0004442402
0.0125757093
0.0121877650
0.0007573488
0.0192140881
0.0301174428
0.0061243861
0.0362707525
0.0277229268
0.0177172180
0.0084542483
0.0209834073
0.0660029203
0.0373289362
0.1095794216
0.0014745817
0.0084766494
0.0318108909
0.0121636773
0.0094883125
0.1091621667
0.0449376814
0.0226900298
0.0163430553
0.0681891739
0.0459489487
0.0558578335
0.0218608715
0.5514106750
0.0260735117
0.0269954372
0.0245311148
0.0067486642
0.0073527945
0.1352353245
0.0512727872
0.0050389767
0.0064812433
0.0263883118
0.0042635920
0.0430467315
0.0995367840
0.0204194393
0.0155509105
0.0536073893
0.0119219413
0.0039036013
0.0138122225
0.0028229684
0.0135658616
0.0412697904
0.0207176842
0.0603101403
0.0056980029
0.0027218785
0.0104829213
0.0311850589
0.0217193775
0.0060534580
0.0081277369
0.0016883564
0.0029762508
0.0237917490
0.0171017256
0.0087386491
0.4968280792
0.0005252030
0.0089611644
0.0490762629
0.0515801832
0.0061397240
0.0419783331
0.0930442065
0.0009119640
0.0395994484
0.0336691402
0.0064024348
0.3395667374
0.0325238034
0.0052944412
0.0025620670
0.0771700591
0.2700042725
0.1051088721
0.1238724291
0.0110403458
0.0040235519
0.0416078120
0.0027326322
0.0250536967
0.0472771227
0.0641875118
0.0026837410
0.0507032648
0.0038005312
0.0127102323
0.0614057407
0.0766524076
0.0078885695
0.0901821330
0.0081322556
0.7346225977
0.0344935358
0.0117988400
0.0004089359
0.0247144401
0.0041492945
0.0107116010
0.0275676493
0.0288918577
0.0009744764
0.0224461164
0.0280754175
0.0165070146
0.0192813203
0.0601855218
0.0077009290
0.0128972754
0.1110440195
0.0541029796
0.0139842890
0.0241423286
0.0099714324
0.0515135452
0.0099552190
0.0346601307
0.0126674669
0.0290181637
0.0138672013
0.0445955656
0.0307547990
0.0106594628
0.0651652887
0.0362195000
0.0865750164
0.0185383148
0.5696775317
0.0136139179
0.0082421759
0.0115312478
0.0061684512
0.0189653784
0.0303690117
0.0126714213
0.1052523777
0.2889564037
0.0199541263
0.0604034774
0.0172352325
0.0156184183
0.0299100764
0.0468540899
0.0084421812
0.0610920563
0.0018016015
0.0074060420
0.0035178761
0.0227782279
0.0045332904
0.0066710669
0.0096730981
0.0374866240
0.0069944062
0.0329201743
0.0069591813
0.0133534512
0.0848930553
0.0323584899
0.0054909722
0.0004583959
0.0135449804
0.0567314476
0.0390992276
0.0063337488
0.0010458252
0.0580729768
0.0212016162
0.0285304002
0.0161730126
0.0023366050
0.0115336059
0.0123155564
0.0031636022
0.0107250595
0.0539310202
0.0268196408
0.0372714624
0.0497365333
0.0015663631
0.0660762414
0.0070790756
0.0008319038
0.0767493024
0.0112112835
0.0069743916
0.0041241678
0.0046662833
0.0191916097
0.0229576547
0.0171918403
0.0057394966
0.1693806350
0.0628763810
0.0802053809
0.0081926743
0.0035056616
0.0207905062
0.0098307235
0.0001378535
0.0415005013
0.0055007478
0.0916789621
0.0241193697
0.0220541228
0.0477051996
0.0097831739
0.0020771271
0.0335140340
0.0225331113
0.0216032397
0.0042073727
0.1589854211
0.0308402237
0.0019094198
0.0240325909
0.0642046556
0.0037160059
0.5288358331
0.0049971985
0.0056126309
0.0434247591
0.0164646693
0.0705030188
0.0156442448
0.0220054686
0.0037780041
0.0160937589
0.0171272103
0.0008491242
0.0362769179
0.0184020083
0.0056106248
0.0082652988
0.0021653264
0.0635240600
0.0350735709
0.1848634779
0.0021016903
0.0157632045
0.0115100695
0.0005290915
0.0177578107
0.0125474138
0.0205496401
0.0101792533
0.0752244070
0.3155295849
0.5412805676
0.0020750437
0.3040604889
0.0339102149
0.0184027292
0.0472199917
0.0869893059
0.1173073202
0.1316646188
0.0254767239
0.1070485488
0.0015323864
0.0125636701
0.0121591687
0.0277617984
0.2340486199
0.2027566880
0.0095598325
0.0165410321
0.0393816195
0.0207440499
0.1153926775
0.0158908367
0.0385972261
0.0035562667
0.0147615653
0.0828090683
0.0149503509
0.0014916322
0.0617101565
0.0147865685
0.0663744137
0.0078787263
0.0305363573
0.0046230624
0.0054141511
0.0193174910
0.0189230219
0.0159233585
0.0031220128
0.0010748022
0.0064613679
0.0030244484
0.0155359898
0.0750137866
0.0108567504
0.0128598241
0.0372972190
0.0805468187
0.0051662847
0.0002004077
0.0023221914
0.0013945239
0.0068841875
0.0067668338
0.0912128910
0.0079366425
0.0205362160
0.0014952886
0.0644567013
0.0120689105
0.0065892288
0.0169227496
0.0068698558
0.0062681348
0.0217487793
0.0083201481
0.0149062946
0.0050668973
0.0146372626
0.3816532195
0.0085292999
0.0125729442
0.0092129121
0.0704540461
0.0143842893
0.0332051925
0.0535849966
0.0388402417
0.0178218260
0.0122041544
0.0473422743
0.0190366618
0.0479761884
0.0002121815
0.1385699362
0.3280799091
0.0084460378
0.0726072043
0.0126700494
0.0138939684
0.0021242180
0.0051287431
0.0541236065
0.0253775679
0.0736802593
0.0082629221
0.0151492581
0.0179677252
0.0364083536
0.0046569374
0.0109659415
0.0424525999
0.0148060303
0.0778496116
0.0256468449
0.1691773236
0.0302029997
0.0073091728
0.0374521241
0.0091945231
0.0916007459
0.0065574055
0.0174202956
0.0000995012
0.0089024352
0.0012892319
0.0233761370
0.0310610551
0.0075303842
0.0443277583
0.0657632798
0.0980640948
0.0226965193
0.6398832798
0.0470680259
0.0575944968
0.0102011077
0.0009418403
0.0020826377
0.1797786504
0.0598143749
0.0233536195
0.0148280952
0.2383646220
0.0228964575
0.0459876135
0.0101722786
0.0016384342
0.0403709263
0.0042576240
0.0176373813
0.0461792685
0.4724328816
0.0367852934
0.0384377278
0.0150936963
0.0157529619
0.0152753796
0.0578241013
0.2207445651
0.0062721907
0.0290800370
0.0292285085
0.0206647068
0.0386610180
0.0041796435
0.0087994309
0.0195053723
0.0043032151
0.0073513221
0.0400979929
0.0151426354
0.0082800239
0.0170547795
0.0044594971
0.0011631370
0.0050061666
0.0145135736
0.1228368953
0.0046092221
0.0117112072
0.0006228218
0.0810645074
0.0198854897
0.2171333879
0.0014000736
0.0260345731
0.2317897379
0.0885492936
0.0060419412
0.0484432653
0.0050385012
0.0493744276
0.0000831385
0.0393617526
0.0098583102
0.0181214679
0.1347347796
0.2867994010
0.0326602198
0.1477116197
0.0398043878
0.6115860343
0.0025100638
0.0188085139
0.0565151125
0.0382562615
0.0121660437
0.0021912011
0.0174577814
0.0343618132
0.0346037187
0.0606554486
0.0381951034
0.0014766002
0.0485436767
0.0341139585
0.0101783695
0.0305564534
0.0322417617
0.0508618280
0.1123562530
0.1574119478
0.0180727486
0.0201479699
0.0977289751
0.0245928112
0.0207943302
0.0004293108
0.0145991631
0.0563168116
0.0172684751
0.0146470452
0.0183783472
0.0626239553
0.0419937521
0.0788762048
0.0034012333
0.0010601489
0.0193280540
0.0024155995
0.0065250369
0.0451158881
0.0178024136
0.0083705094
0.0567009002
0.0097259032
0.0219930355
0.0133893453
0.0093952520
0.0255368222
0.0152354296
0.1003464237
0.0198368076
0.0014461955
0.0393135250
0.0548548102
0.0049875011
0.0641180798
0.0267622247
0.0097849844
0.0174077712
0.0000015196
0.0227086265
0.0484635569
0.0295948908
0.0071604759
0.0198630486
0.0348165557
0.5501827598
0.0308762100
0.0796152651
0.0002296199
0.0139780771
0.0259202700
0.0017055552
0.0026692105
0.0504431464
0.0237833448
0.0388024524
0.0447773710
0.0436917953
0.0303035975
0.0075340304
0.0108714160
0.0980391353
0.0652744770
0.0475750454
0.2116274238
0.0017111372
0.0018162628
0.0148441615
0.0440255031
0.1256314963
0.0115041304
0.0001069997
0.0106371846
0.0212697200
0.0052982448
0.1300825477
0.0204319376
0.5797769427
0.0025369641
0.0432965457
0.0062655993
0.0431534462
0.0338475890
0.0191768315
0.0003653794
0.0186781399
0.0050694961
0.0107655181
0.0189790186
0.1034993976
0.0589851514
0.0306455866
0.0220770482
0.0255273674
0.0331560895
0.0087659322
0.0423934609
0.0077731698
0.0217153970
0.0075077880
0.0254347231
0.2348310351
0.0028612413
0.0426849574
0.0202416405
0.0133108543
0.0101943836
0.0010347575
0.0063987533
0.0009672348
0.0128258495
0.0013816416
0.0256179553
0.0212675352
0.0535754338
0.0171548594
0.0169442687
0.0014913547
0.0113093117
0.0176584683
0.0127407974
0.0285226926
0.0574607477
0.0008305843
0.0332681201
0.0589107238
0.0073680296
0.0276990850
0.0057233660
0.0355531685
0.0520182922
0.0441513844
0.1617216170
0.0128861461
0.0021125851
0.0232003536
0.0645847842
0.0091446498
0.2020453364
0.0412552617
0.0103948070
0.2514026761
0.0037979884
0.0222872682
0.2504740655
0.0087938262
0.2115181386
0.0089909416
0.0475981347
0.0076351077
0.0002808189
0.0088266348
0.0737190098
0.0004295328
0.0076861749
0.0099369343
0.0219304767
0.0303123761
0.0051202206
0.0364763737
0.0122401109
0.0239737201
0.0372484736
0.3056704998
0.0267789625
0.0571179129
0.0722233653
0.0047555384
0.0213057324
0.0019381238
0.0271141510
0.0179765113
0.0036008456
0.0498977005
0.0103587825
0.0064030597
0.0283176079
0.0035184145
0.0305929482
0.0067054923
0.0061972854
0.0133966617
0.0570534244
0.0149831045
0.0132897282
0.3011893928
0.0079165744
0.0334214978
0.0247618556
0.0265634377
0.0012573440
0.0755998343
0.0112491744
0.1211963147
0.0277010258
0.2935735285
0.2362766117
0.0294304173
0.0296075288
0.0297489502
0.0074277292
0.0228095129
0.0462660864
0.4333369732
0.0045838552
0.0180377308
0.0016747691
0.0235211942
0.0133507494
0.0086896736
0.0427974649
0.0047716117
0.0147027848
0.0070011462
0.0142259747
0.0412072912
0.0102484236
0.1122683436
0.1146336496
0.2090636790
0.1026695669
0.0121714203
0.0123334797
0.0036787870
0.0273351315
0.0017419254
0.0192324743
0.0158143248
0.1358492672
0.0766611546
0.0000367462
0.0001934888
0.0076580769
0.0128617920
0.0030001269
0.0370425805
0.0659150854
0.0095249051
0.0054877675
0.0091757243
0.0329059511
0.0214988999
0.0035094949
0.0219611507
0.2878601551
0.0072687757
0.0728676319
0.0362019688
0.0073488308
0.0057294369
0.0073335003
0.0017522824
0.1132297367
0.0104251346
0.0033064773
0.3667897582
0.0653664693
0.1042450964
0.0000031600
0.0361678638
0.0085787103
0.0351307504
0.0335980877
0.0078604547
0.0105728637
0.0003738411
0.0220687781
0.0218201336
0.1075807512
0.0117989182
0.0485411175
0.0229381323
0.3155045211
0.2312818319
0.0114402659
0.1090849712
0.0126583204
0.0205389950
0.1337108910
0.0027231821
0.0024134675
0.0432519913
0.0058797416
0.0067017199
0.0201883689
0.0353426710
0.0456196479
0.5384288430
0.1097164452
0.0288092904
0.0016685883
0.0167371128
0.0187375415
0.0040554665
0.0103667090
0.2306214273
0.0089792740
0.1852841228
0.0090466337
0.0382797942
0.0036771777
0.0285286997
0.0245021749
0.1212719828
0.0076939096
0.0083446195
0.0683027506
0.2255019099
0.0043320921
