0.0199979730
0.0000640712
0.0210990831
0.0005216731
0.0002388168
0.0071032685
0.0011625224
0.1631351709
0.0075935372
0.2233559936
0.0147391148
0.0000840338
0.0033559706
0.0003849451
0.0000336426
0.0040995749
0.0200742967
0.0007206494
0.0081932554
0.0221908949
0.0001259892
0.0025623732
0.0006414702
0.0000594912
0.0066356948
0.0003111505
0.0021613992
0.0002566781
0.0000332872
0.0000314012
0.0023898215
0.0122331772
0.0002539655
0.0005647681
0.0000104179
0.0017023365
0.3150461018
0.0005112867
0.0005612767
0.0000821462
0.0001564033
0.0104609337
0.0070219096
0.0237079524
0.0021984347
0.0172218718
0.0042154216
0.0037144350
0.0035251598
0.0033622347
0.0009767389
0.1802882552
0.0007317045
0.0006963541
0.0000062991
0.0003844249
0.0075765098
0.0000400305
0.3757751584
0.0092288125
0.0064169210
0.0000925457
0.6472411752
0.0024265307
0.0143345576
0.0363002792
0.0050842105
0.0018495147
0.0002299299
0.0008488075
0.0027971256
0.0000497800
0.0913714319
0.0005312861
0.0010091465
0.0041359393
0.0032892220
0.0120180976
0.0000498734
0.0000069496
0.0010093166
0.0096868621
0.0019622312
0.0126325963
0.0059404867
0.0070839543
0.0001433652
0.0069056596
0.0089742299
0.0050501153
0.0061633522
0.0680857897
0.0004038063
0.0000017797
0.0028950265
0.0037481154
0.0790417194
0.0461644903
0.0001189987
0.1699948013
0.1098609567
0.0515786149
0.0003199074
0.0363014899
0.0007256056
0.0559724011
0.0002994270
0.0123210680
0.0031758454
0.0255416501
0.5082864761
0.0057884348
0.0000022787
0.0224119388
0.0000142180
0.0022253564
0.0001043785
0.0000039692
0.0164692961
0.0018132671
0.0135862334
0.0185310990
0.1833357960
0.0092056422
0.0014240729
0.0005997879
0.0008127333
0.0009072064
0.0000032603
0.0056853378
0.0000844411
0.0019142303
0.0076908162
0.0002037710
0.0145789813
0.1174467504
0.6745362878
0.1584136784
0.0004994717
0.0390010029
0.0040352270
0.1822522283
0.0101221912
0.2343858629
0.0000704105
0.0037533680
0.0159797352
0.0000048022
0.0010032549
0.0133481557
0.0446894094
0.0063948040
0.1393816471
0.0092201093
0.0000096321
0.0002373905
0.0000451071
0.0011026453
0.0332600921
0.0000081855
0.0001257313
0.0172400717
0.0084721548
0.0003340530
0.5007215142
0.0113851558
0.3287495971
0.0784866065
0.0011804022
0.0052131950
0.0000774609
0.0279109478
0.0057920660
0.0494230203
0.0000216361
0.0096436888
0.0017043921
0.0001666656
0.0001255252
0.0164914932
0.0035118852
0.0141172772
0.0001991884
0.0027097536
0.0000998641
0.0001692687
0.0950108990
0.0039171581
0.0277747884
0.0000256292
0.0002512821
0.0024053301
0.0000818548
0.0000032864
0.0001768517
0.0002347196
0.0202243887
0.0000207918
0.0000455582
0.0004312190
0.0013926279
0.0088658845
0.0085373577
0.0005565439
0.0003816236
0.1934552491
0.0063010021
0.0005091934
0.0052089826
0.0000054481
0.0007312152
0.0032330747
0.0000734980
0.0571973547
0.3130570948
0.0000845832
0.0436585583
0.0006764721
0.0001528910
0.6435041428
0.0001083360
0.0461832583
0.0003355370
0.0053471755
0.5772152543
0.0045153145
0.5124434829
0.0047941362
0.0000412745
0.0004344213
0.0045257458
0.0000094300
0.0048981742
0.6011049151
0.0085291956
0.0000406904
0.0270310622
0.0848742723
0.0238887798
0.0000181152
0.7420326471
0.0478463545
0.0001595928
0.0043836618
0.0018952335
0.0003127020
0.0007109857
0.0080211964
0.0012699764
0.0040355604
0.0002978360
0.2928552628
0.0010617297
0.0102868788
0.0190753136
0.0000218281
0.0002809562
0.1217930764
0.0030376287
0.0001444421
0.4332088828
0.0067434143
0.6534316540
0.0103772711
0.0014116693
0.0000543160
0.0002258500
0.0001472995
0.0002157321
0.0003604311
0.0054227933
0.0001174854
0.0737481862
0.0807068050
0.0008484832
0.6073899865
0.0481482334
0.0065029697
0.0606421120
0.0013661471
0.0042359112
0.0016408141
0.0284823813
0.0039501186
0.0002876392
0.0580060519
0.0073318584
0.2245187610
0.0172224827
0.0002150058
0.0027397429
0.0015428873
0.0128997816
0.0004250831
0.0094034839
0.0510709621
0.0066100620
0.0020709943
0.1793812364
0.0001952859
0.0042366013
0.0006367028
0.0004297503
0.0071262922
0.0008104348
0.0001717337
0.0171686690
0.1401970536
0.0000889910
0.0453397930
0.0002400336
0.0495103486
0.0000015773
0.0000036624
0.0127194319
0.0000381808
0.0066792243
0.0187366959
0.0049550175
0.0032620435
0.0067017167
0.2867153883
0.0186683014
0.0000449143
0.0096810227
0.0047399015
0.0001425503
0.0004550762
0.0269521568
0.0014812731
0.0010705333
0.0004669066
0.0281624887
0.0307835098
0.0106723187
0.0441395752
0.0105522312
0.0005290827
0.0000506390
0.0464505963
0.0009145658
0.0005290656
0.0260654185
0.0081110671
0.0071744998
0.2890915871
0.0000777870
0.0178733803
0.0043533617
0.0812809169
0.0556995012
0.0010433487
0.0915770680
0.0007236255
0.0000579686
0.0201002061
0.0001269497
0.0352692567
0.0022871308
0.0005857238
0.3274675310
0.0707152039
0.0013620140
0.0046353554
0.0015278632
0.0092891147
0.0000007955
0.0021773651
0.0000014976
0.0011211023
0.0000703528
0.0032811156
0.0001332284
0.0355516076
0.0334001854
0.0214979574
0.9940325618
0.0039645913
0.0007487240
0.0002921810
0.0003180978
0.0308016613
0.0230984893
0.9514950514
0.0000044239
0.3044434488
0.0077383863
0.0721044987
0.0487308316
0.0002934070
0.0002994207
0.0000248295
0.0003296042
0.1631531417
0.2183698714
0.0806880668
0.2868015766
0.0004019205
0.0000454491
0.0003605765
0.0004259511
0.0005500669
0.0000542004
0.0201923233
0.0605058894
0.0093694851
0.0035524468
0.0020831344
0.0016326871
0.0611884594
0.0000965979
0.3771317005
0.0063634561
0.0142581956
0.0388207287
0.0000285440
0.0001674438
0.0044438182
0.0045898599
0.0006415414
0.0161339846
0.0000038107
0.0005039450
0.0068557477
0.0942787901
0.1326297820
0.2164569050
0.0049194586
0.0264999252
0.0006967391
0.0006308624
0.1529155970
0.0007799151
0.0003121140
0.0095291752
0.0034997098
0.0001252779
0.0073741241
0.0002412406
0.0132001080
0.0022256307
0.0001228225
0.0955302268
0.0000874249
0.0290530231
0.0006515544
0.2096091211
0.0000009775
0.0878498554
0.0058606472
0.0000085057
0.0015974173
0.0168328844
0.0542892255
0.0020084316
0.0064091636
0.0008120253
0.0050814515
0.0000740367
0.0001519597
0.0001595640
0.0000634695
0.0000135268
0.0103985798
0.1178818494
0.0203834157
0.0003018093
0.3886108398
0.0662693605
0.0060473788
0.0000329029
0.0013913672
0.0001874023
0.0057941508
0.0000046939
0.0002218955
0.0001275348
0.1221497282
0.0002039424
0.0026565529
0.0039623077
0.0056005400
0.1439415812
0.1679595262
0.0069089532
0.0100235073
0.2052741349
0.0000600421
0.0000002491
0.0004388330
0.1274048090
0.0000152529
0.0335981287
0.0001533951
0.0212826878
0.0002579080
0.0000627348
0.0184971504
0.0010831805
0.1107636243
0.0121553214
0.0006739158
0.0026850854
0.0000021676
0.0000457986
0.0002943214
0.0015353069
0.0005975569
0.0004417683
0.0003555538
0.0459112115
0.0674814582
0.0341724716
0.4779685438
0.0738529637
0.0059493124
0.0915570110
0.0002234698
0.0008807052
0.0030243665
0.0001475405
0.0023889667
0.8721387982
0.0024648763
0.0344174877
0.0629520267
0.0017640146
0.0012328892
0.0001418570
0.0168179031
0.0233746674
0.0993962362
0.0152166346
0.0176282953
0.0006356855
0.1129314303
0.0005880965
0.0028354456
0.4778020382
0.0027377892
0.0018066053
0.0003978759
0.0439978391
0.0002648427
0.0006253044
0.0061769634
0.0172627307
0.0119794719
0.0017513060
0.0003315187
0.0626849607
0.0004434612
0.3303363025
0.6339420676
0.0000161997
0.6729050279
0.0000194833
0.0010860602
0.0013452875
0.1042020023
0.0000186666
0.0006914700
0.0102792596
0.0179753415
0.0028582064
0.0786020309
0.5913985968
0.3042833507
0.0659986287
0.0313563794
0.0068784761
0.0256120022
0.6093381047
0.0006311908
0.0024001319
0.0039131450
0.1958010197
0.0292758197
0.0119170602
0.8721256852
0.0000766889
0.0062796189
0.0001856628
0.0000201513
0.0076661617
0.0136542721
0.0016048058
0.0008572821
0.0087895673
0.1277864128
0.0001574782
0.0148081668
0.0019361260
0.0093440004
0.0013311324
0.0017416823
0.0000492486
0.3426738977
0.0000230387
0.0159634277
0.3640848398
0.0003026128
0.0010863085
0.0010398498
0.0000166695
0.0565860756
0.0145846549
0.0836167559
0.0001806946
0.0304759145
0.0194817409
0.0518554412
0.0304664895
0.0173395928
0.0966365486
0.1926576644
0.0231958069
0.0413128175
0.0023206982
0.0005953914
0.4155128598
0.0001428501
0.0006868843
0.0004873020
0.0005399514
0.0004211552
0.0002399530
0.1211640090
0.0006697110
0.0001277710
0.0032308903
0.0005827503
0.0067261644
0.0007518027
0.0001285453
0.0007200633
0.2456639111
0.0003860877
0.0055753049
0.0906114206
0.1783512384
0.0015509002
0.9931010008
0.1903160661
0.0013370699
0.0081410753
0.0128354291
0.0006921478
0.0006291230
0.0000405099
0.0267061274
0.0003321723
0.0001470150
0.0011989658
0.0003536034
0.2971705794
0.0141119147
0.0030565856
0.0253147762
0.8736704588
0.0002323113
0.0085568819
0.0000299594
0.4833075106
0.0006735753
0.0021997730
0.0024190259
0.3924762309
0.0000660168
0.7089889646
0.2301948518
0.0000496749
0.1171629056
0.0001570008
0.0000260400
0.0014881741
0.0136517491
0.0002723737
0.0209390838
0.2179290354
0.0075837090
0.0000378159
0.0013813081
0.0008596813
0.0060541434
0.0005239595
0.0032032153
0.0002590861
0.0000274664
0.0005262658
0.0445822701
0.0000211121
0.0068720682
0.0131579675
0.0069584651
0.2554069459
0.0092608090
0.0050061620
0.0002873191
0.1270969808
0.0069126152
0.0171488635
0.5094798207
0.0009774528
0.2840109468
0.0000298867
0.0010035746
0.0000620314
0.0001070307
0.0009487764
0.0006708282
0.0000441763
0.0001240475
0.0048485976
0.2711354494
0.0000361451
0.1754818857
0.5956229568
0.0114435777
0.0183559246
0.0003392405
0.0011033645
0.0000295181
0.0006357376
0.0000532226
0.0001299693
0.0253134761
0.0122556631
0.0256969985
0.0002935208
0.0261467043
0.0040266947
0.0011006519
0.0124325864
0.0012853574
0.0003433090
0.0258750487
0.0027101929
0.0000000039
0.0059311367
0.0000304613
0.0001718061
0.0278425571
0.0122916251
0.0002936177
0.3233924806
0.0000160564
0.0000235538
0.1517038643
0.1329549551
0.0037632661
0.0005259043
0.0074623949
0.0021770347
0.0072853072
0.0017128444
0.0009834962
0.0762275979
0.0102055864
0.0015272312
0.0030379621
0.0004817140
0.0012942719
0.0000457437
0.0002645817
0.0023659857
0.0018051534
0.0016000940
0.0148545196
0.0039967611
0.0003289635
0.0116231451
0.1369734406
0.0004238268
0.0000021923
0.0197069235
0.0000443582
0.0367413908
0.0296755340
0.0372803807
0.7256883979
0.0003645736
0.0048759915
0.6331207752
0.0385548510
0.0001167677
0.0000089783
0.0002558847
0.0042089499
0.0021410692
0.0002221557
0.0020405077
0.0144251175
0.2295143455
0.0000385562
0.0618483238
0.0013156959
0.0000945549
0.1357116103
0.0001146998
0.0021183447
0.0000345781
0.4737394154
0.0000736504
0.0000363197
0.0126109403
0.0095038610
0.0000186736
0.0000153393
0.0127253970
0.0002559867
0.0004215395
0.0098695569
0.0227915030
0.0198276974
0.0326970071
0.0021384798
0.0004657033
0.0003052249
0.0000317624
0.0000884518
0.0004785579
0.0004526480
0.0002587901
0.0069879247
0.0013649572
0.0000880164
0.2681740820
0.0181156117
0.0021473721
0.0034314836
0.1031344235
0.0020692970
0.0000203511
0.0433560982
0.0000059007
0.0118963476
0.0000268281
0.0006589844
0.0055959984
0.0000105065
0.0366188250
0.0007956693
0.4329396784
0.0003260647
0.0027018494
0.0001536960
0.0051113716
0.0202060211
0.0021957878
0.0045883264
0.0000342128
0.0376539417
0.0425074883
0.0470243059
0.0240934175
0.0015745319
0.1125510707
0.0004498336
0.0000935505
0.0477969721
0.0759000555
0.0009184985
0.0000000515
0.0126781752
0.0017621457
0.0056110765
0.0011903675
0.0005929218
0.0517164990
0.0001721328
0.0016003853
0.0007119461
0.0000248528
0.0001234479
0.0127394963
0.0000047556
0.0003286745
0.0056700236
0.0003430512
0.5280909538
0.0831865817
0.0032913708
0.0001068544
0.0783808306
0.0085461447
0.0012443081
0.0001218973
0.0004618484
0.0000579276
0.0000000000
0.0002286710
0.0006495153
0.0000046939
0.0006595743
0.0353948139
0.2875210941
0.0000068636
0.0013535756
0.0006747079
0.0081679029
0.0918513909
0.1408849657
0.0293338858
0.0004259527
0.0424788706
0.0037301111
0.0381908491
0.0017011531
0.1107066199
0.0787339061
0.6559100151
0.0014662971
0.0367199145
0.0032988098
0.1040654778
0.0300059076
0.0008858239
0.0123819076
0.0306245964
0.0001850268
0.0150453076
0.0000631553
0.6451010108
0.0004178167
0.0040258821
0.1109874621
0.0011652109
0.1474584341
0.0022071577
0.0541349053
0.0025020549
0.0005202211
0.0502934158
0.0533556081
0.0020915461
0.0009901441
0.0001499795
0.0008898065
0.0803118274
0.0497394428
0.0044707516
0.0058987057
0.0015042280
0.0057203854
0.0032623084
0.1771423072
0.0006244956
0.0013053973
0.0744332969
0.0003784697
0.0002481723
0.0000015513
0.0151714785
0.0077337339
0.0022718571
0.0013814593
0.0026545576
0.0683722422
0.0022440923
0.0178493559
0.0029281836
0.0002182300
0.5467538238
0.0860874727
0.0152457217
0.0003191087
0.0000189384
0.0033789240
0.0776246563
0.0004078013
0.1863204688
0.0075783138
0.0060325959
0.0040613310
0.0136318402
0.0000225112
0.0048813066
0.1957776845
0.0037608785
0.0350655802
0.0003697926
0.0002251270
0.2953523397
0.0036551740
0.0025102894
0.4854266942
0.0495497659
0.0105676921
0.0061593992
0.3662821352
0.1157561317
0.0000587410
0.0006552893
0.0000031377
0.0466217361
0.0018708362
0.0231472589
0.0929078013
0.0003945156
0.0001253135
0.0086298101
0.0010445975
0.0012464883
0.0011803585
0.0001452552
0.2160331309
0.0562827438
0.0004062889
0.0025045981
0.0007647590
0.0007759971
0.0778309628
0.5042205453
0.0626539141
0.0106147006
0.0001195474
0.8971664906
0.0020443646
0.0020685792
0.0924536735
0.0009231657
0.0000222896
0.1325314641
0.1367948800
0.0138138141
0.0000060597
0.0001825105
0.0000347089
0.0035102370
0.0125647997
0.4470019341
0.5752942562
0.0057515278
0.0005918037
0.0194730125
0.0162228737
0.0013439513
0.0000776114
0.0001869723
0.0011762220
0.0227373019
0.0747576207
0.0477366969
0.0064231376
0.0000531738
0.0244909078
0.0006897703
0.2377287298
0.0004944859
0.0000197942
0.0005088943
0.0006313592
0.0031098374
0.0011069709
0.0000038759
0.0146737508
0.0047507724
0.2457885295
0.0003263950
0.8679338098
0.1057089344
0.0166790187
0.0015179017
0.0000896283
0.0000275584
0.0285440106
0.0004787965
0.0000005913
0.0002277500
0.0174960364
0.0224257614
0.0045860317
0.0443807766
0.0188334752
0.0007251394
0.0546485595
0.0000666953
0.0015392958
0.0037586780
0.0001008149
0.0527222008
0.0199527200
0.0000497571
0.0072294190
0.0542362891
0.1757003367
0.0000294366
0.0000112790
0.0359772369
0.0058353283
0.0002986322
0.0011724203
0.0352514535
0.0001626874
0.0089167636
0.0004676538
0.0023340944
0.0003198692
0.0003086331
0.0387481190
0.0009710750
0.0029877964
0.0014548793
0.0952664912
0.0015557249
0.0038881851
0.0102070253
0.0567680113
0.0189074762
0.0154150445
0.0010535541
0.0072150021
0.0003317619
0.0072427546
0.0662670732
0.3384317756
0.0075539588
0.0000364240
0.0000444743
0.0080705564
0.0001045012
0.0803931355
0.0078481808
0.0008207571
0.0003068703
0.0000942153
0.0018839462
0.0000768078
0.0013463969
0.0185874645
0.0002602904
0.0040867263
0.0906635597
0.0001549816
0.2075481862
0.0396786928
0.0824485719
0.0002683620
0.0037186441
0.0017256432
0.0005616937
0.0012359216
0.0010786605
0.0002953640
0.0005167550
0.0011020941
0.0002998698
0.6780033112
0.0098724747
0.0000180145
0.0003264438
0.0006870336
0.0082282294
0.0014433428
0.0146173397
0.5930289626
0.0005108694
0.0097346008
0.0014387120
0.2487111092
0.0016756983
0.0009119275
0.0257075503
0.0575724356
0.3378350139
0.0772518888
0.0036359283
0.0101021864
0.0001650889
0.2976146638
0.0401228890
0.0529660545
0.0429165699
0.0001598378
0.0000076841
0.0000280142
0.0454330519
0.0002960740
0.0062340973
0.0458107069
0.0204652231
0.0002191445
0.1229338124
0.0126919411
0.0011623733
0.0088848360
0.0108296806
0.0563039407
0.0040655918
0.0002555691
0.0000267976
0.0056884820
0.0052883797
0.0606176518
0.0008346691
0.1566910744
0.2308905870
0.0001447062
0.0219311267
0.3053322434
0.0058851619
0.3231858611
0.0059659337
0.0970931947
0.0000017456
0.0169954095
0.0011459209
0.0000735058
0.0001290995
0.0008470611
0.0155690089
0.1052612439
0.0036560562
0.0174564738
0.0184303764
0.0007771260
0.0736319125
0.0002570135
0.0001267155
0.7947826982
0.0714288801
0.0002059836
0.0017526727
0.0540967323
0.1171771362
0.0000235963
0.0005330427
0.1146738678
0.1432261616
0.0000982188
0.0001870970
0.6077228189
0.0000734254
0.0000327942
0.0000409307
0.0000228150
0.3231457472
0.0004738830
0.0005290590
0.5923683047
0.0002400235
0.0005617322
0.0160316154
0.0000981534
0.0000213381
0.0458977856
0.0052879862
0.0027541849
0.0145071289
0.0000170975
0.0469066128
0.0178497247
0.0264274869
0.0079221828
0.0018822909
0.0002671655
0.0000122694
0.2239886969
0.0005013310
0.0023208263
0.0167809017
0.0005395010
0.0000695396
0.0085750977
0.0097979521
0.0076719122
0.0048401514
0.2379778773
0.0000818804
0.0122495815
0.1133505479
0.0003084174
0.0000214711
0.0000000827
0.0143666146
0.0195248835
0.0002012450
0.0000293472
0.0026492581
0.0014287906
0.9876099825
0.0002610940
0.0006639109
0.0017955139
0.0051243585
0.0269838795
0.0010038753
0.0000058867
0.0000024891
0.0001649756
0.0002025898
0.4654375911
0.0029226590
0.0004853938
0.0000699276
0.2704308629
0.1813677102
0.0000140572
0.0696259141
0.0327601880
0.0000335169
0.1350103766
0.0019912706
0.0443897024
0.0560628995
0.0094611170
0.1014638469
0.0010684356
0.0014522237
0.0003216474
0.0009772000
0.0000116749
0.1704466045
0.0000210662
0.0205224473
0.0010505510
0.0166774299
0.0126811070
0.0002217113
0.0020084162
0.0004072712
0.0020402456
0.0002700833
0.0011048861
0.0568613969
0.0001395143
0.0045239348
0.0024702521
0.0529270545
0.0000168861
0.0039654518
0.0000721489
0.0516326092
0.0159935150
0.0006757997
0.0095403884
0.0505626015
0.0020813134
0.0085830139
0.0024795106
0.0001861579
0.0112141017
0.1443000436
0.0008324958
0.0008287370
0.0014651037
0.0000468186
0.0157433599
0.0025123248
0.0000232158
0.0109851342
0.0000098654
0.0001359273
0.0034098967
0.0042382553
0.0356048197
0.0073702163
0.0072503155
0.0010460364
0.0071109938
0.0012273571
0.0000059167
0.0013926015
0.0005575810
0.0319689475
0.0135388346
0.0044979616
0.0128640803
0.0002408718
0.0000027918
0.0764568076
0.0000947441
0.0015886016
0.1757029444
0.4303324521
0.0017339793
0.0001904725
0.0142798610
0.0077693602
0.0002209181
0.0004441531
0.0023787313
0.3485167921
0.0059448667
0.0001049120
0.0024782736
0.0005778023
0.0000310706
0.0462990887
0.0102734305
0.0172607005
0.0001813522
0.0194063671
0.0965718180
0.2195294350
0.0088449512
0.0015962664
0.0544823930
0.0013116709
0.0145214675
0.0303221196
0.7312177420
0.0201112684
0.0022398215
0.0000346553
0.0039201658
0.0113368677
0.0012935096
0.0002424214
0.0037263455
0.0198450293
0.0003353399
0.0263869092
0.0000277530
0.0605495609
0.0018551375
0.0003753955
0.0024218492
0.0001383382
0.0215388555
0.0010836518
0.0108029572
0.0050490298
0.0458471850
0.1922677606
0.0008332363
0.0001890924
0.0001281934
0.0000462881
0.0003653256
0.0194902215
0.0103149870
0.3706844151
0.0000475277
0.0003556750
0.1951906532
0.2615129948
0.0008188191
0.0289307199
0.0007065692
0.0216877144
0.1532583982
0.0085952803
0.0061064726
0.0461959653
0.0004192294
0.0097576575
0.0307668112
0.0745196119
0.6843596101
0.1506369561
0.0091297291
0.0090564536
0.0023900466
0.0179162193
0.0000971706
0.0017810371
0.0001619392
0.0000098675
0.0069471365
0.0115921916
0.0273855105
0.0000423495
0.0000982065
0.0029127859
0.0000297553
0.0024633785
0.0000135866
0.1332487315
0.0000117585
0.0000780025
0.0029436913
0.0153568815
0.0009504742
0.0000075132
0.0001875714
0.0004519439
0.0022271781
0.0021434971
0.0056322091
0.0218625739
0.0095869917
0.0005506043
0.0147168823
0.0693100020
0.0000180930
0.0105607985
0.0013847590
0.0127294483
0.0031182738
0.0005298597
0.0005902061
0.0004853068
0.0086783813
0.4040167630
0.0086465115
0.0005194437
0.5345407724
0.0005147022
0.0000735516
0.0013830581
0.0082046045
0.0019050946
0.0000644244
0.0027465313
0.4810476005
0.0002118330
0.0000059476
0.0220706873
0.0493978001
0.0986831263
0.0934354737
0.0473639034
0.0240976103
0.0002488536
0.0000061082
0.0305440109
0.0532433689
0.0019918792
0.0012556495
0.0010491792
0.0010518613
0.0014376314
0.0077288724
0.0000318789
0.0108342841
0.0532915816
0.1194034442
0.0105458153
0.0006759308
0.0001159658
0.0556026958
0.0002027552
0.0044165351
0.0000016503
0.0033838777
0.0000327086
0.0020025736
0.1911300123
0.9974215031
0.0655337125
0.0000571524
0.0136602605
0.0893926769
0.5603331923
0.0012425529
0.0005675956
0.0000389285
0.0095138270
0.0008897387
0.0005174103
0.0312733017
0.0005980665
0.0032354482
0.0063669304
0.0000099412
0.1242178306
0.0250041187
0.0001563399
0.0215118993
0.0028266700
0.0214906577
0.0000704385
0.0000842964
0.0038528277
0.0000186195
0.0460687056
0.0024639785
0.1231591776
0.0013312566
0.0007089681
0.0028568192
0.0000600895
0.0000001729
0.0013929716
0.0007497604
0.0001368171
0.0665969104
0.0110238809
0.0668828040
0.0009332409
0.0163369775
0.0000856969
0.0014394384
0.0022030650
0.0015959077
0.0364420526
0.0010954270
0.0000011314
0.0000544860
0.0005099796
0.0000612373
0.0425772928
0.0000870239
0.0045637996
0.0176413897
0.0011192658
0.0168501828
0.0006106633
0.0019882047
0.0014180000
0.0103748767
0.0240291022
0.0001396194
0.0097126672
0.1716070324
0.8222469091
0.0000402009
0.0469544604
0.0018949106
0.0032210879
0.0353345722
0.0095936591
0.0010507627
0.0004028140
0.0367907397
0.0000282726
0.0011044204
0.0036406110
0.0035066898
0.0695926547
0.0631559640
0.0036144676
0.1254589856
0.0046391701
0.0038594494
0.0208951943
0.0000640009
0.0006856524
0.0009247449
0.0139985718
0.0819670707
0.0522323214
0.4106964469
0.0061893752
0.0007120835
0.0001581203
0.0008245186
0.1006641984
0.0053141229
0.1363540292
0.0022224181
0.0043370598
0.0001174573
0.0030270407
0.0053136442
0.0109577579
0.0017765758
0.3582057953
0.0002944873
0.0044610766
0.1066854820
0.0723103061
0.0006653519
0.0075730043
0.0018984021
0.0003726353
0.0289790612
0.3427175879
0.0321502648
0.0083384868
0.0006245319
0.0008902263
0.0001145901
0.0003126772
0.0016039776
0.1035354435
0.0041759950
0.0744967610
0.0010530484
0.0267246403
0.0728072524
0.0001022613
0.1579085886
0.0005901767
0.0571765006
0.0001321613
0.0023436528
0.0002972735
0.0054803062
0.0051747472
0.0402824692
0.0047510993
0.0000108724
0.3837632835
0.1964174658
0.0014402877
0.0000051373
0.0074681505
0.0046706367
0.0008152829
0.0002239242
0.0434949398
0.0002901315
0.0230569970
0.0000746405
0.0057594739
0.1013235003
0.0352049880
0.0270784572
0.0000751963
0.0002449651
0.0002166508
0.0124040972
0.0001528176
0.0311347973
0.0423734859
0.2278205007
0.1470052153
0.0066323136
0.0005611617
0.0010402333
0.0001354162
0.0985899419
0.0025266104
0.0373195447
0.0009556946
0.8477401733
0.0314493328
0.0026315402
0.0027891742
0.0001937491
0.0739254355
0.0018916953
0.0000998007
0.0000051939
0.0017010212
0.0000844490
0.0008177563
0.0038109876
0.0137746669
0.1876471490
0.0242330190
0.0018150372
0.0037694315
0.0044090878
0.2186726034
0.0013014148
0.0012478313
0.0000050327
0.0015035520
0.0007151380
0.0005241725
0.0017887504
0.0007663472
0.0013864171
0.2618016005
0.0062932139
0.0000449580
0.0045509846
0.0223448873
0.0391539522
0.0000003002
0.0102676135
0.0607508123
0.0110924682
0.0921836495
0.0047630169
0.0189349707
0.0001594025
0.0003590978
0.0062304968
0.0002421756
0.0019634191
0.0012454784
0.0002615275
0.0100966664
0.0165773984
0.0009558470
0.3931434155
0.0000269262
0.0000329998
0.5517846942
0.0033159491
0.0005331460
0.0013345814
0.0026460055
0.0001953557
0.0000263071
0.0032738398
0.0022675402
0.0011007698
0.0032130936
0.0001047575
0.0026785580
0.0002570074
0.0018060775
0.0219570193
0.0332230926
0.1471930891
0.0006961275
0.0030641379
0.3788828850
0.0000000144
0.0250085499
0.0102541074
0.0000120782
0.0003239398
0.0009059453
0.0002124844
0.6412795186
0.0006781100
0.4757633507
0.2298198938
0.0062932083
0.0016735793
0.0013088294
0.0011773064
0.4138004482
0.0006028489
0.0079922806
0.0009966257
0.0026096164
0.0484884344
0.0002969036
0.6937565207
0.0024301636
0.4566559792
0.0021328665
0.0000365952
0.0030161939
0.0034735829
0.0171531141
0.0502373129
0.0096148038
0.0285260603
0.0002773936
0.1092682928
0.0229293816
0.0199462175
0.0233841334
0.0010965546
0.0288440920
0.0204224605
0.0033800884
0.0004988743
0.0110411011
0.0017494780
0.0428243764
0.0094441818
0.0026712422
0.0000589252
0.1340544969
0.0001137560
0.7306032777
0.0006149626
0.0495377518
0.0024315387
0.0026773009
0.0006051320
0.4510887563
0.0000324083
0.0656820759
0.0015151897
0.0824317932
0.0144174732
0.0050164163
0.0201602653
0.0086464211
0.0000201715
0.2821213007
0.0000128908
0.0001624569
0.0104150055
0.0024003305
0.0009960472
0.0046051284
0.0896717981
0.0000516071
0.0000046328
0.0278658476
0.0997016430
0.0480070896
0.0000199763
0.1818200648
0.0102135949
0.3629682362
0.4260306656
0.0000009735
0.0845740810
0.0127792228
0.0000661894
0.0006338101
0.0005059589
0.0026098695
0.0002478385
0.1097666845
0.0016315046
0.0069301696
0.0320530124
0.0000209678
0.0000000115
0.0025727309
0.0206860248
0.0613617860
0.2051343322
0.0010635514
0.0060382425
0.0031188056
0.0001498350
0.0003252910
0.0011327524
0.0024685476
0.0000699985
0.0055612898
0.0050748410
0.0033486979
0.0026193722
0.0011770434
0.0089701386
0.0432063825
0.0418001600
0.0000500814
0.0792375281
0.0002076226
0.0000975501
0.0004206534
0.0000033952
0.6263448596
0.0015543388
0.0023116011
0.0524537899
0.0002801386
0.0001544874
0.0833980963
0.0004898543
0.0234653279
0.0002886607
0.0051590628
0.0084823789
0.0018387240
0.0000711346
0.0017830516
0.0010047815
0.0631745234
0.0044007730
0.0006242992
0.7808978558
0.0225754920
0.0032809067
0.0092205722
0.0193866026
0.0000587686
0.0316076353
0.0039735772
0.1009805426
0.0006607698
0.0015909048
0.0001735996
0.4779907763
0.0005698362
0.0003831573
0.1390103996
0.0032366691
0.0183896273
0.7061045170
0.0007651002
0.0019453578
0.0022522598
0.0000992589
0.0031321591
0.0081143128
0.0002512311
0.0007316209
0.0001997632
0.0007138436
0.0104376804
0.0219484121
0.0000362096
0.2564500570
0.0000705049
0.0000500745
0.2972508073
0.0004810828
0.0090261716
0.0350468233
0.1351746172
0.0006989844
0.0002369317
0.0102249524
0.0010769936
0.0009718187
0.0001371510
0.0452261120
0.0045684334
0.0376300775
0.0000866383
0.0000834255
0.0081274640
0.0023601940
0.0011407601
0.0000583190
0.0040542358
0.0019092080
0.0000001366
0.0003322309
0.0007166974
0.0001023157
0.0000656206
0.0198624935
0.0010672510
0.0308935344
0.0266003851
0.0000165736
0.0001027647
0.0001145784
0.0023978802
0.0005909118
0.0849846900
0.0014794525
0.0010077802
0.5266963243
0.0418568626
0.0359001011
0.0009061076
0.0006414583
0.0000861086
0.3483201563
0.0004261605
0.0000727736
0.0004320992
0.6650812030
0.9736967683
0.0030717142
0.0085322205
0.0044802316
0.0027923749
0.0003181630
0.0053463052
0.0013288871
0.4440689385
0.0006496564
0.0009301411
0.0828658193
0.0063613253
0.0230949279
0.0206927303
0.0176871773
0.0000633512
0.0001040710
0.0027300227
0.0851726383
0.0006026053
0.7978221178
0.0104025844
0.0005905067
0.4743850231
0.0139434114
0.0000651463
0.0241933763
0.0008943164
0.1273201853
0.0005916728
0.0006981549
0.6628290415
0.0066571501
0.0145371575
0.1563093066
0.1778400391
0.0002440899
0.0017087448
0.0397655442
0.0010750399
0.0002420392
0.1371525973
0.0011626270
0.0000183732
0.0122017805
0.0336192138
0.0093942890
0.0010418494
0.8942847252
0.0018419191
0.0007683922
0.0000022649
0.1091900617
0.0107932845
0.0001234281
0.0001083150
0.0096380161
0.0192284342
0.0017932192
0.0002541852
0.0038630294
0.0451238379
0.0015429790
0.1991479695
0.0214514341
0.0010175722
0.0255137645
0.2124591917
0.0003942562
0.0278063323
0.0678535253
0.0013262054
0.0873123780
0.0005381923
0.0001241940
0.0002876869
0.0049209832
0.0063626301
0.6438220143
0.0016080376
0.0015848994
0.1246228889
0.0005002453
0.0001617016
0.0197379068
0.0008945849
0.3447166383
0.0350306109
0.0128156450
0.0141919460
0.0023288832
0.0066475049
0.0008610471
0.0000004572
0.0031943242
0.0018857572
0.0002088600
0.0044560898
0.1945048571
0.0000408299
0.0009798328
0.0012203058
0.0000102852
0.0000180163
0.0030619260
0.0074430127
0.0005969665
0.0170290489
0.0018908053
0.0000190048
0.1343942285
0.0398742780
0.0004405029
0.0109421769
0.0090185963
0.0001556188
0.0016249331
0.2424668968
0.0009079441
0.0032975823
0.0681500658
0.0001801771
0.0001135661
0.0001297359
0.0002947446
0.0082866512
0.0083240839
0.0017348273
0.0001738035
0.0008090267
0.0015604339
0.0047421199
0.0000694306
0.0047882129
0.0000004995
0.0009755712
0.0015699974
0.0000342853
0.0000230919
0.4635333717
0.0018048468
0.0037359986
0.0060356245
0.0005603523
0.0032382603
0.0000110534
0.0001041563
0.0011861930
0.0112839714
0.1213012487
0.2203137875
0.0072572138
0.0003791743
0.0923219472
0.0397814624
0.1323364228
0.0011062082
0.0042121666
0.0343354158
0.0074530276
0.3467255831
0.0072558741
0.0000096983
0.0000456856
0.0440574624
0.0009868386
0.0003120072
0.0074250684
0.0015838359
0.0370906107
0.8377580047
0.0000711907
0.0189682972
0.0021572339
0.9606269002
0.0208723806
0.0032779018
0.0003391079
0.0102739828
0.0012272081
0.0021763004
0.3740253747
0.0448384769
0.0000222360
0.0035161783
0.0301966872
0.0066831862
0.0000672650
0.0247005112
0.0001850737
0.1771373898
0.0000061421
0.0847918317
0.0079342136
0.0028097816
0.0051657921
0.0005982479
0.0151104545
0.0001901180
0.0063630007
0.0000750596
0.0232127905
0.0019357970
0.0000645831
0.0330809504
0.0017385333
0.0000013378
0.0003581058
0.0061736070
0.0029598593
0.2530709207
0.0010672484
0.1282685399
0.0000345192
0.0189381279
0.0112918103
0.0053886934
0.0013582807
0.0000000074
0.0009096903
0.0051438822
0.0000251732
0.0033634109
0.0019383350
0.0000489514
0.0003381888
0.0001078400
0.0439724363
0.0003392482
0.0006300964
0.0009239977
0.0311325453
0.0002735049
0.0448920578
0.0047560711
0.0000433022
0.0052927462
0.0059462506
0.9809281230
0.0016593222
0.0006171357
0.0439388305
0.0001940440
0.6863046288
0.0000048149
0.0014380601
0.0172177143
0.0419887565
0.1467214376
0.0091370009
0.2327974886
0.4292260110
0.0429018624
0.0004098606
0.0009031576
0.0168071445
0.0206949189
0.0002517879
0.0092793647
0.0110733667
0.0174984615
0.0043085120
0.0024455995
0.0001073830
0.0025918679
0.0000590930
0.0036853605
0.0013208607
0.0057563805
0.0000095002
0.0056201559
0.0000146978
0.9545736313
0.0005509662
0.7352916002
0.0040044636
0.2850927413
0.5352171659
0.0000026339
0.0000793460
0.0017840093
0.0145555921
0.0175291076
0.1756802946
0.0110202990
0.0006285561
0.4737550318
0.0059645930
0.3589732051
0.0195861440
0.2804563344
0.0022521601
0.0842346549
0.0024823181
0.0324495174
0.9179807305
0.0014377704
0.0001272033
0.0380154103
0.0045823627
0.0002173290
0.1222093627
0.5109573007
0.7548741698
0.0047149467
0.0530514754
0.0024915377
0.0189145543
0.0229452886
0.0048419293
0.0003301820
0.8875292540
0.0353848599
0.0000663985
0.0009914757
0.0196940210
0.0001153924
0.0010962235
0.0000972949
0.0096315462
0.0097985631
0.0187524892
0.0051709851
0.0025627399
0.0312839001
0.0021323792
0.1425604075
0.4819629192
0.0095631331
0.0000107639
0.0133038172
0.0037491820
0.0126739684
0.0000533618
0.2805305421
0.0073155416
0.0139802396
0.0298261847
0.0022185189
0.0059484094
0.0462577157
0.0317582563
0.0024268667
0.1334592551
0.0093997493
0.0112686288
0.8600308895
0.0023634117
0.0043633743
0.0000285399
0.0018786660
0.0077294433
0.0000670309
0.0001970779
0.0007652442
0.0002496873
0.0002068273
0.7016557455
0.0004328736
0.0040235501
0.0000623184
0.0004829142
0.0617689639
0.0215918738
0.0052688532
0.0071925046
0.0043413779
0.0001367790
0.0032694812
0.0011030025
0.0121899350
0.0686710030
0.0516063869
0.9410374165
0.0007958767
0.1520875245
0.0047202883
0.0011347120
0.0001710795
0.0206665602
0.0007646045
0.0012502815
0.0003378314
0.3968155384
0.0000333355
0.1445603520
0.0000076119
0.1036935225
0.0051576309
0.0046118810
0.0046185139
0.0000300734
0.0441151969
0.0117565943
0.0242375396
0.0003724098
0.0016452725
0.8186900616
0.0027012045
0.0119441189
0.0003945916
0.0003477520
0.0339374766
0.0054970789
0.1191642955
0.0511189774
0.0015591921
0.0041879457
0.0054346183
0.0007640910
0.0111448914
0.0045708544
0.0011283874
0.0001319828
0.0144360419
0.0042885970
0.0163228847
0.0814949572
0.0036461742
0.0020277190
0.0000741881
0.0007770590
0.0525673553
0.0164373722
0.0092165256
0.0032987031
0.0001165722
0.3074498475
0.0003790372
0.0363100059
0.0007452250
0.0059172171
0.1261477023
0.0113281794
0.0014016164
0.0106825037
0.0047530183
0.0006972403
0.0025817058
0.0002618708
0.0010433710
0.0033979928
0.1012892202
0.0200974494
0.0022312826
0.0001306242
0.5732881427
0.0248540267
0.1985166818
0.0012361665
0.0000016937
0.0014873481
0.0079816487
0.3093606830
0.0389884934
0.0035010024
0.3345582783
0.0950557664
0.0001831929
0.0000914120
0.0006403261
0.0463139452
0.0059327986
0.3544605970
0.0003130700
0.0014991317
0.0381854884
0.0000177636
0.1413688809
0.0803555250
0.0019511647
0.0001974266
0.3911089897
0.0056133382
0.0066709532
0.0032759423
0.0024374330
0.0109633766
0.0203375872
0.0008542381
0.0020687091
0.0298181362
0.2459558845
0.0018296787
0.0000141269
0.0000618960
0.0133087756
0.0486348681
0.0218000356
0.0086852554
0.0000068394
0.0005123985
0.0000211273
0.0046542110
0.2068200111
0.0080393571
0.0005179173
0.1378015578
0.0006772807
0.0026762253
0.2728622258
0.0052917898
0.2409550697
0.0045147170
0.0001366668
0.0202719197
0.1779377759
0.0000297867
0.0000420572
0.0003118868
0.0003833864
0.0173304249
0.0626276210
0.0010044307
0.0111339819
0.0007807401
0.0172654148
0.0005076446
0.0000291158
0.0022326058
0.0001471060
0.0042841439
0.2356845737
0.0257646646
0.0617903024
0.3240330219
0.0000383632
0.0247811060
0.0005227791
0.0013812950
0.0065408605
0.0002162482
0.0000069963
0.0001174234
0.0001978528
0.0147631401
0.0000209373
0.0000463323
0.0004393260
0.0371754803
0.0000463840
0.0001370490
0.0002158809
0.6589064002
0.0010323245
0.0396246389
0.0820058957
0.0055526942
0.0001221542
0.0011132350
0.0094007077
0.0068475609
0.0068187024
0.0007374380
0.0001007421
0.0000893126
0.0332185738
0.0004577626
0.0089897225
0.0008843296
0.0004070887
0.0000735788
0.0007668275
0.0055246307
0.0035587752
0.0023979682
0.3043098748
0.0003234408
0.4234561920
0.0001378753
0.0176311862
0.0347704329
0.0001800208
0.0046031005
0.0000227247
0.0517390706
0.0000207223
0.0248157233
0.0000052598
0.0450750478
0.0271375850
0.0006050386
0.0282116979
0.0000110102
0.0099100862
0.0000282752
0.0217007585
0.0000353242
0.0011070147
0.7796885371
0.0130993193
0.0007049919
0.0004603495
0.0011692835
0.0003872496
0.0050960765
0.4481281638
0.0393310003
0.0127961263
0.0000906599
0.0178557951
0.0009253980
0.0000482753
0.0023469299
0.0000509348
0.2368689030
0.0011880000
0.7286528349
0.0005533374
0.0004847769
0.0000024969
0.0029367595
0.0022222479
0.0120050078
0.0027124728
0.0368847065
0.0089113116
0.0246308614
0.0069146813
0.0002566181
0.0000234949
0.1201681793
0.0000497753
0.1084880084
0.0000159484
0.0009258047
0.0000812824
0.4835940301
0.0014440232
0.0203995146
0.4832461476
0.3674854636
0.0003424532
0.0003612725
0.0009649345
0.0004201901
0.0125618838
0.0000188274
0.0003078634
0.0276082382
0.0042505446
0.0305037443
0.0067370776
0.0042140973
0.0083522033
0.1348479092
0.0003132026
0.0026702681
0.0001406423
0.0000210859
0.0673194975
0.0000001571
0.0371572934
0.0032323340
0.0014026660
0.0001481749
0.0002397429
0.0008327807
0.3061074018
0.0018355341
0.0008413056
0.0003729844
0.0095978463
0.0008345466
0.0020511425
0.0000875185
0.0051031844
0.0068397140
0.0066388198
0.0000131564
0.1303967834
0.0172215942
0.0016627096
0.0039528585
0.0081067253
0.0407815725
0.0183743499
0.0262805540
0.0012750602
0.0002687382
0.0008468686
0.0446592085
0.0046175495
0.0182294659
0.0003430709
0.0004963129
0.0005287150
0.0011312799
0.0044872877
0.0294372365
0.0011204829
0.0035914876
0.3830900788
0.0028048507
0.0120662730
0.0604497567
0.0205316003
0.0008589444
0.3873484433
0.0009900687
0.0233467575
0.0005948416
0.0109537328
0.0000268550
0.8264332414
0.0015110853
0.0020878264
0.0276931971
0.0022439598
0.0015859267
0.0001112333
0.0000033997
0.0163516495
0.0075197462
0.0000047959
0.0095084328
0.0653416216
0.0067939269
0.0000893822
0.0023587057
0.0081983749
0.0033275301
0.0000486131
0.3403944373
0.0025125591
0.0008798468
0.0473147556
0.0019732651
0.0008373081
0.4138421118
0.0102082985
0.0000420760
0.4366531670
0.0000802313
0.0014880756
0.2423037142
0.0088957092
0.0114895701
0.0943036377
0.0281306822
0.0008690726
0.0001013780
0.0017607899
0.0591326170
0.5278072953
0.0279997513
0.1516910791
0.0066236048
0.0367086753
0.0003428604
0.0093494132
0.0008453674
0.0059322338
0.0022027693
0.0000648418
0.0004908658
0.0005158097
0.1430781037
0.1364283413
0.3208897710
0.0217200369
0.0182532109
0.0134844854
0.0026545930
0.1292408556
0.0085818414
0.0102844033
0.0435181260
0.4769523740
0.0017183120
0.0000595456
0.0007376000
0.0056438590
0.2276511788
0.0082497764
0.0003270030
0.0008072951
0.0001041547
0.0024217360
0.0045678872
0.0139147528
0.0000188649
0.0004800160
0.0021905182
0.1050996855
0.0580591373
0.0255509987
0.0133829545
0.1959202439
0.0052740569
0.0004159773
0.0098881945
0.0001171112
0.0003525253
0.0231006518
0.0463093370
0.0050591817
0.0297399294
0.0076332614
0.0019088263
0.0020528105
0.3820081353
0.6525424719
0.0091951620
0.0046738563
0.0020291130
0.0223735310
0.5946632624
0.0887213722
0.0001094927
0.8286425471
0.0012826090
0.2133983970
0.0033400911
0.0098929480
0.0001107077
0.0174636468
0.0002123862
0.0022238935
0.0000971984
0.0005791981
0.0019207516
0.0017714478
0.0056028855
0.0020990467
0.0664637387
0.0194891337
0.0008365366
0.0000965064
0.0000449207
0.0024623100
0.0034566049
0.0006904194
0.2700543404
0.0006882219
0.0006843357
0.0088614486
0.0013971806
0.0025919110
0.5513535142
0.0241022930
0.0043720813
0.0047796997
0.0000013335
0.0035283824
0.0017984648
0.0000732805
0.0022765624
0.0008640494
0.1011739969
0.0013591483
0.0113156047
0.0002088387
0.0000059527
0.0029632417
0.0045303968
0.0084764250
0.0084226048
0.0118335821
0.0000280628
0.4661138058
0.0035976290
0.3053021729
0.0000146709
0.4480387866
0.0046365964
0.0000130595
0.0000326341
0.0000132075
0.0293175150
0.0043733390
0.0093995761
0.0004355861
0.1518747807
0.0000718040
0.0000037282
0.0007678794
0.0016636272
0.0084959771
0.2626224756
0.0000809040
0.0002243659
0.0088723907
0.0016286838
0.8466029167
0.0001738689
0.0147183966
0.0010011651
0.0000458078
0.0005638884
0.0682468489
0.0152948806
0.1549318582
0.0000646943
0.0028267992
0.0157758966
0.0245755967
0.0615770295
0.0001026970
0.0001727340
0.2786925137
0.0000091559
0.0634839982
0.0010861197
0.0007446280
0.0024160706
0.0144961178
0.0002132022
0.0101702865
0.0001101804
0.5260747075
0.0240253843
0.0612188540
0.0078883152
0.0000084339
0.0263594631
0.0193903353
0.0433685854
0.0000714788
0.0000429533
0.0024490731
0.0384244509
0.0008789628
0.0044522602
0.0032149833
0.1575230956
0.0000021752
0.0023029821
0.0586397313
0.0020637529
0.0002274474
0.0001727464
0.0020713895
0.0941227749
0.8946813941
0.0006681714
0.9820386767
0.0243329406
0.0018608714
0.0010896890
0.1547278762
0.0225157924
0.0751719549
0.0011413394
0.0011428333
0.0007830216
0.0000963241
0.0865118876
0.0736415163
0.0653291047
0.0004271776
0.0205939263
0.0005399938
0.0000818138
0.0001500814
0.0003250572
0.0208700709
0.0162043013
0.8288568854
0.0386067741
0.0057783611
0.0022426832
0.0003625453
0.0017922462
0.0379387550
0.0002976964
0.0215059947
0.0099089351
0.0023498803
0.0246524233
0.0280711129
0.0043144687
0.0018994487
0.0037196884
0.0039306362
0.0328452252
0.0005184467
0.0078341579
0.0000776665
0.0088821072
0.0007763281
0.0029218532
0.0001260317
0.0953373536
0.0245022736
0.0177851785
0.0011571794
0.0209200829
0.0044129491
0.0014419931
0.0005350102
0.0001436627
0.0957711339
0.0007380371
0.0011184711
0.0000253086
0.0000310047
0.0007856180
0.0026977307
0.0158395711
0.0023845455
0.0002521810
0.0136730699
0.0004688753
0.0268755797
0.0006936679
0.0001456849
0.0001079962
0.8477669358
0.8394947648
0.0837078094
0.0000325969
0.0000606757
0.0002914598
0.5121308565
0.0010662292
0.0035905458
0.0008851608
0.0124932518
0.0001698721
0.0013648401
0.1044113785
0.0385529362
0.0000311183
0.0610867105
0.0003633094
0.0000438240
0.0031950772
0.0003455400
0.0210888311
0.0063469606
0.0000194739
0.0032117299
0.0002493972
0.0000084085
0.0099184355
0.0547106490
0.0004851597
0.0236042179
0.0000319050
0.0002842566
0.0000533174
0.0053002257
0.0038689866
0.0003020614
0.2743790448
0.0001565323
0.0177211277
0.6177626848
0.0045044697
0.0008219633
0.0042604636
0.0009428118
0.0069381748
0.0001208264
0.0185289010
0.0534154698
0.0234980620
0.0084469803
0.0030917518
0.0026862526
0.0254503675
0.0031941223
0.0044090664
0.0935909376
0.0000050389
0.0071916566
0.0029843210
0.0319643021
0.0017254213
0.0003065396
0.0337771773
0.7177168131
0.0038562189
0.2494534254
0.0098284222
0.0106496718
0.0002161309
0.0000943235
0.0025970503
0.0024054504
0.0000606821
0.0002937471
0.1035454795
0.0001794573
0.0013129759
0.0048154709
0.0018069906
0.0002042448
0.0376068465
0.1205419004
0.4477547407
0.1151958033
0.3514558077
0.0003234984
0.0021225237
0.0007098652
0.0008644793
0.0001476490
0.0021109520
0.3703420758
0.0041406774
0.5871664882
0.0298806950
0.8311759830
0.0024941748
0.0000290794
0.0600028858
0.0473409295
0.0051729260
0.0001695281
0.0000385215
0.0000554554
0.1099009514
0.0006524331
0.0202410035
0.0028080815
0.1183589995
0.0024512901
0.1683035940
0.0011099958
0.0370363183
0.0006680447
0.0002367840
0.0033602347
0.0166924819
0.0343143158
0.0000631536
0.0054659038
0.0000151748
0.0035322392
0.0004434340
0.3221916556
0.0189680252
0.2839402556
0.0176787544
0.0333795436
0.1997301728
0.1355514526
0.0003622150
0.2001206130
0.0002317715
0.0005794654
0.0008464677
0.0445947833
0.0024794741
0.0003155326
0.0001074294
0.4127164483
0.2300849408
0.0023142595
0.0016437427
0.0016942958
0.0022959283
0.0187611431
0.0056284927
0.0001718666
0.0000928850
0.0000720425
0.2012322098
0.0030580333
0.0439720862
0.0046002241
0.0014198628
0.0126519753
0.0006597171
0.0026341619
0.0652396604
0.0248880386
0.0076583079
0.0560495742
0.0007013131
0.0000020570
0.0000662598
0.0000201346
0.0035606592
0.0000014584
0.0066478006
0.0096339108
0.0074906135
0.0001798866
0.0307513643
0.0000745211
0.0014972534
0.0186950583
0.0040742974
0.1065797806
0.1646553278
0.0000023122
0.3118228912
0.0010409192
0.0576691926
0.0011820050
0.0000004866
0.0044055954
0.0000073863
0.0000527464
0.0011917062
0.0327663012
0.3653416336
0.0001787598
0.0980177373
0.0321593918
0.0003354871
0.0001353271
0.0018765819
0.2045478523
0.0004842459
0.0000156152
0.0013139903
0.0053320234
0.0020755462
0.2431437969
0.0009439911
0.0019905942
0.0000767687
0.0389452800
0.0000054282
0.0018631624
0.0147298174
0.0032894863
0.0005909867
0.0027037347
0.0043573459
0.0059255417
0.0354189985
0.8562654257
0.0023121235
0.0004205997
0.0191954877
0.1403118521
0.0000000000
0.0108746774
0.0019622312
0.0137015413
0.0004620687
0.0012985695
0.0115788514
0.0012661592
0.0000110796
0.0003393961
0.0000015100
0.0000159798
0.0000004656
0.0000523803
0.0000084088
0.0000388063
0.0001865261
0.0000018716
0.0000045076
0.0000000122
0.0000002305
0.0000000219
0.0000006013
0.0000061392
0.0000024284
1.0000000000
0.0000006998
0.0000000026
0.0000016222
0.0000196663
0.0000314587
0.0000009839
0.0000007875
0.0000008772
0.0000006587
0.0000000608
0.0001750286
0.0000027453
0.0000003395
0.0000029892
0.0003615716
0.0000248716
0.0000058333
0.0000008379
0.0000011980
0.0000154515
0.0000077983
0.0000032269
0.0000078850
0.0000002005
0.0000038628
0.0000004613
0.0004165034
0.0000011132
0.0000277969
0.0000024334
0.0000037601
0.0000000773
0.0000005751
0.0000663748
0.0000003867
0.0000204629
0.0000001899
0.0006965363
0.0000004284
0.0000004407
0.0000008398
0.0000005875
0.0000009961
0.0000000018
0.0000000495
0.0000412079
0.0000115072
0.0137904342
0.0012852883
0.0001869716
0.0376769602
0.0015824038
0.0001802688
0.0005672697
0.1040604934
0.0010193824
0.6488535404
0.0028106382
0.0001569852
0.0301717538
0.0067547881
0.0009458809
0.0289596319
0.0149749266
0.0296294894
0.0017375735
0.0001500981
0.0055703665
0.0005567781
0.1020747945
0.0548462830
0.0155043090
0.0026507755
0.0013912572
0.0016313982
0.0368083864
0.0012386427
0.1015942320
0.0274573825
0.0007154032
0.0290495642
0.0267547872
0.0002340682
0.0001900982
0.0256016906
0.0000385349
0.0031008436
0.0008434267
0.2478196472
0.0018080359
0.0004111318
0.0002129152
0.0000092673
0.0050950423
0.0000290991
0.0014143727
0.0023175506
0.0004158361
0.0292201582
0.0000139455
0.0036783619
0.0052672564
0.0209599491
0.0003612054
0.0779479519
0.0001554558
0.0011271219
0.0010806146
0.0021739078
0.1103143767
0.3124107420
0.0011637100
0.0001179339
0.0000719100
0.7388363481
0.0002003773
0.0007366082
0.0005953838
0.0016398801
0.0064631561
0.0007149435
0.8908703327
0.0013601758
0.0004151430
0.0039464673
0.0008056947
0.0464759991
0.0011123249
0.0002234419
0.0118776420
0.5816177130
0.4397586286
0.0003738621
0.0007894642
0.0075642322
0.0002812449
0.0000041010
0.0034103664
0.1061900407
0.0002662331
0.0355680585
0.0530699864
0.0001306544
0.0035538545
0.0181622282
0.0002390572
0.0076583372
0.0017194361
0.0004733850
0.0701375902
0.0000131893
0.0000023036
0.3964504004
0.0642862990
0.3403784931
0.0029141146
0.0005647652
0.0359043218
0.0117264725
0.0003934630
0.0063835196
0.2080826312
0.0002795777
0.0008410720
0.0076070502
0.0001623884
0.0001725003
0.0302706379
0.0000159486
0.0000626532
0.0000061132
0.0829833448
0.0008882910
0.1006617770
0.0007602290
0.3365496695
0.0172211099
0.0007271203
0.0067427377
0.0005670686
0.0014704759
0.0088923126
0.0144226365
0.0000745948
0.0192290284
0.8821836114
0.0001631738
0.1932112426
0.0310819298
0.0006958672
0.0002263407
0.2331280857
0.1266825050
0.0003989152
0.0017849256
0.0000231877
0.0051106270
0.0016615435
0.2098663896
0.0023907176
0.0000059491
0.0000067273
0.0013097061
0.0000371026
0.0084170559
0.0002070618
0.0421863906
0.0000028213
0.0002952466
0.0008670894
0.0038944487
0.0022609949
0.0004241836
0.0011655372
0.3529622555
0.0247739386
0.5692915916
0.0000782616
0.0021458769
0.0002648656
0.0027002988
0.0024263093
0.0000079091
0.0022068617
0.6895070076
0.2306117862
0.0061917603
0.0000710357
0.0001391345
0.6795834303
0.0135961799
0.0002217136
0.1608746499
0.0004940091
0.0005151361
0.1052110046
0.0818757042
0.0001349746
0.0031640851
0.0227655768
0.5464481711
0.0019116900
0.0156518538
0.4398677647
0.0235554334
0.0328176469
0.2670992315
0.0001494420
0.0033643283
0.0006784503
0.0000508769
0.0716853365
0.0192249324
0.0004968241
0.0005449454
0.0134859644
0.0063347514
0.0691321194
0.0019936755
0.0001411348
0.1085628867
0.0022753619
0.0003329802
0.0008794684
0.0005804026
0.0158367977
0.0000220576
0.0055084853
0.0043554534
0.0000569326
0.0032757013
0.0017981816
0.5939235091
0.1408227384
0.0000705429
0.0199377760
0.0080826161
0.0078436751
0.0001075093
0.0342456363
0.0102766883
0.0166934840
0.0025321865
0.9353498816
0.0000477101
0.1865437478
0.0073913136
0.0050201998
0.0078322385
0.1001660451
0.0121195866
0.1507345885
0.0085789086
0.0009328559
0.0001315231
0.0000421566
0.2416882813
0.0017574589
0.0001075452
0.1658028960
0.0344028883
0.0032317396
0.0470443331
0.0054826173
0.0171028227
0.0023043444
0.0000523645
0.0005460180
0.0861950740
0.0000170777
0.0017630759
0.0012469408
0.1523791105
0.0007160846
0.0000115669
0.0013867478
0.0001123131
0.0031625424
0.1531692445
0.1112263575
0.0185222197
0.0108350813
0.0032658535
0.0087457355
0.0014478395
0.0067299944
0.0164166316
0.1819048077
0.0007091786
0.0149488337
0.4093461633
0.0611473918
0.0033863375
0.0171476975
0.0039315620
0.0406671502
0.0818843767
0.0038027093
0.0002171055
0.0016545886
0.0000718142
0.0000036996
0.0024661853
0.0910797715
0.0072182673
0.0007071714
0.0001592039
0.0011300155
0.1258767694
0.0544175953
0.0003265494
0.0752245858
0.4323378503
0.0023537243
0.0711606517
0.0257083997
0.3166178763
0.6400791407
0.0643388256
0.0034772276
0.5283804536
0.0058723488
0.0006393419
0.0003197698
0.0003947453
0.0000828465
0.0025780567
0.0216495506
0.0000163541
0.0048297052
0.0002422157
0.0001757151
0.0088874530
0.0066077951
0.0051802956
0.0002780601
0.0159062948
0.0016335758
0.0012426559
0.0682435110
0.0003721991
0.0424384996
0.0422608666
0.0197649635
0.3908666968
0.0035033936
0.0522955507
0.0001060909
0.0049798074
0.0248255245
0.0002772963
0.0231958758
0.0085907187
0.0000311592
0.0022950657
0.0010210752
0.0013780803
0.0322673693
0.0089053931
0.0163568445
0.1889689267
0.0002580448
0.0661378577
0.0417277142
0.0016645533
0.0729721561
0.0001077828
0.0007782867
0.3750897050
0.0002299123
0.3144754469
0.7515829802
0.0025414748
0.0613639839
0.1442394406
0.0060717152
0.2093008608
0.0006097566
0.0023393156
0.0949904248
0.8952363133
0.0018505483
0.0009698457
0.0819053352
0.0000478661
0.0005927656
0.0046496051
0.0019344643
0.0034571867
0.0030712190
0.0000102795
0.0161153153
0.0004327474
0.0017543781
0.0131106544
0.0019988548
0.0015528299
0.0412134789
0.0009298464
0.0008806037
0.0317513533
0.0105106020
0.1579911709
0.0011790544
0.0138860522
0.0038891050
0.0013188462
0.1159653664
0.0006340058
0.0006535630
0.0006642527
0.0591062568
0.0004375202
0.0729239210
0.0003640188
0.0093359128
0.0004472468
0.0008137391
0.0155607378
0.0783857852
0.3902150095
0.1551290005
0.3956108391
0.0000412841
0.0231843777
0.0081408098
0.0000989373
0.0008010410
0.4833680987
0.0002031035
0.1227425113
0.2597153783
0.0066601490
0.0100173103
0.0963630900
0.0000415119
0.0132974656
0.0066514104
0.0000606468
0.0000076200
0.1673435718
0.0008034169
0.0004495378
0.0047848467
0.0001817349
0.0538012497
0.0007928183
0.0232962575
0.0000100706
0.0782376379
0.1280872971
0.1669089049
0.0011931118
0.0014800210
0.2467307895
0.0000462787
0.0009481303
0.0001410537
0.0018565614
0.0101316310
0.0050451867
0.2446863353
0.0001561803
0.0001411523
0.0033158360
0.0922654271
0.0976209491
0.0117339510
0.0063226307
0.0005397875
0.0273045134
0.0000441462
0.0004893529
0.0039976914
0.0020143124
0.0012874857
0.0236864276
0.1556573808
0.0000101169
0.0280661490
0.0008904642
0.0004707997
0.0005053428
0.0472379401
0.0098326458
0.0000269508
0.0373582318
0.0005513493
0.0003901738
0.0002232181
0.0000321126
0.0005427403
0.0009014094
0.0027491774
0.0000029735
0.0252033398
0.0019066726
0.0553305857
0.0665469021
0.0034670015
0.0004037574
0.0048446716
0.0002940684
0.0004294747
0.0000795651
0.5737575293
0.1478402764
0.0010975745
0.0016613947
0.0000645526
0.0001890107
0.0123689752
0.0023337610
0.0004188356
0.0113881771
0.0003911362
0.0006467964
0.0008138927
0.0323455259
0.0011764017
0.0152343018
0.0006286782
0.0033501193
0.0000071952
0.0010339790
0.0036819305
0.0010831192
0.0002222430
0.0029600256
0.0006266963
0.0001996258
0.0000128181
0.0502774976
0.0057314066
0.9383814931
0.0003015153
0.0000216072
0.0329134129
0.0076492871
0.0002737094
0.0183660146
0.0000437083
0.0000031336
0.0259699877
0.0069986372
0.0188077316
0.2223853320
0.0000640921
0.0001327445
0.0021660486
0.0619581342
0.0002669458
0.0034892077
0.2381681204
0.0022905718
0.0054238583
0.0877674371
0.0002588138
0.0880644694
0.0005069656
0.0016330510
0.0262904447
0.0019951635
0.0237880070
0.0005358492
0.0062711686
0.1551080644
0.0008694975
0.0008180915
0.0004545700
0.0000293795
0.5419362187
0.0012084604
0.0005081548
0.0192080420
0.0000861900
0.0036775987
0.0002761534
0.0290474202
0.0000047724
0.0011568117
0.1359982789
0.3081243634
0.0004092741
0.0005001015
0.0016666641
0.0008368444
0.0204564314
0.0004883198
0.0000067361
0.0016948370
0.3024536371
0.0016312335
0.0007912487
0.0263511725
0.0003374676
0.5704736114
0.0005930863
0.0001502556
0.0020082348
0.0011943722
0.0040584798
0.0001170485
0.5904929638
0.0511402301
0.0001309600
0.0001412332
0.0156446267
0.0001830544
0.0003122096
0.0271523427
0.0055278540
0.0505382605
0.0000101320
0.0001882903
0.0000173031
0.0000265230
0.0006236340
0.1189492047
0.0012418081
0.0242361017
0.0015013317
0.0004068973
0.0997909978
0.0012236027
0.0004662126
0.0366239846
0.0026200986
0.0032132389
0.5831825733
0.0020545910
0.0007804359
0.0000174331
0.0002011520
0.5934894681
0.0004138874
0.0085420571
0.0050940709
0.1073782519
0.0000388036
0.0016422159
0.0037806612
0.0258727614
0.0000051577
0.0006397042
0.0004808270
0.0004739135
0.0026789976
0.0007992709
0.0047256970
0.0004220405
0.0819779411
0.0196808577
0.0006845437
0.0009227875
0.0020895030
0.0071243998
0.9282118678
0.0011672849
0.0288792439
0.0094666593
0.0001663649
0.0006069133
0.0021353737
0.0000734887
0.0117827887
0.0000006144
0.0053436584
0.0040644454
0.0003800724
0.0000989022
0.0005184258
0.0002686792
0.0012409413
0.0010722838
0.0000363164
0.0182357859
0.0196570400
0.0002042234
0.0006010998
0.0011050117
0.0336931944
0.0006069239
0.0000053671
0.0077055795
0.0000007397
0.0000004114
0.0000031863
0.0001114317
0.0418748818
0.0109333778
0.0301934946
0.0152566219
0.0678260922
0.0005301135
0.0326794088
0.0001285346
0.0467154942
0.0347455367
0.0000125929
0.0188305881
0.3687452078
0.0164083578
0.0066544828
0.0001603486
0.2109179795
0.0017725561
0.0000033938
0.0689102262
0.0005383388
0.0007949721
0.0018038326
0.0108807534
0.5440119505
0.0032861116
0.0390380658
0.3261716068
0.0021697453
0.4231701195
0.0005410307
0.1110851914
0.0874432027
0.7982600331
0.0000216333
0.0007954086
0.0001421429
0.0160581060
0.0000349457
0.0002736087
0.0010115134
0.0661198646
0.4423573017
0.0027077326
0.0002281843
0.0700326860
0.8241273165
0.1895371675
0.0001099720
0.0006728999
0.0223989729
0.0098943077
0.0004525376
0.0013050728
0.0231211223
0.0074098012
0.0267389435
0.9783689976
0.0000014166
0.0208067577
0.0001116318
0.0000623318
0.0057021892
0.0003419006
0.0011130245
0.0000943539
0.0052889218
0.0276120473
0.0002614041
0.3404716253
0.0078440011
0.0005974783
0.8678687215
0.0202588495
0.0767877549
0.0000340271
0.0000126518
0.4598011672
0.0015347361
0.0842542425
0.0145775713
0.0000536546
0.0004066305
0.0004530780
0.0001657095
0.8817397952
0.0005116633
0.0044306573
0.0389062874
0.0006052497
0.6942984462
0.0145503469
0.0081210742
0.0000606834
0.0000066005
0.0165585093
0.0670573413
0.0139953988
0.0128568588
0.0004048868
0.0005930213
0.0007680704
0.0012473898
0.0009022686
0.0036051820
0.0000672970
0.0146676777
0.0000957715
0.0107009495
0.0010723461
0.0268844608
0.0177510083
0.0041205916
0.0000392848
0.0021480608
0.0000599643
0.0000547490
0.0057214508
0.0000475398
0.0039846273
0.0590723865
0.0010162411
0.0002062657
0.2011430115
0.0052178111
0.0138608711
0.0084527340
0.0001201080
0.0000759246
0.0077039646
0.7125639319
0.0002664278
0.0000216019
0.0127135413
0.0162828527
0.0015739263
0.4317402542
0.0000783583
0.0002717545
0.0005260244
0.0024372682
0.0056932177
0.0000918410
0.7659496069
0.4384989142
0.0008784090
0.0005012429
0.0069387369
0.0009255939
0.0046762996
0.0221773498
0.0077221678
0.1040421575
0.0750671998
0.0823355913
0.0001230889
0.0000116931
0.0001227202
0.0083127711
0.0010797904
0.0000093608
0.0532392822
0.0158314630
0.0004015463
0.0055116364
0.0108037721
0.0037513946
0.0131377308
0.0016209392
0.0002822772
0.0006052912
0.0032690242
0.0003550576
0.0000932878
0.4998942912
0.0000500513
0.0001006628
0.0041194391
0.0383815281
0.0095108841
0.0027556128
0.0000019643
0.7985599637
0.0022595418
0.0075291470
0.1022633091
0.0007210321
0.0001279968
0.8224630356
0.0224279687
0.9122700691
0.0283909161
0.0028920767
0.0056710104
0.0015370264
0.2409880757
0.0097372215
0.0006129401
0.0026740257
0.0000203274
0.2324688286
0.0005616299
0.0001638847
0.0003461143
0.1656371653
0.0011141755
0.0018906641
0.0304290168
0.0001801676
0.0040028286
0.1246578991
0.0229951292
0.0004020115
0.1746238917
0.0107703535
0.0172412749
0.0001115045
0.0023758837
0.0027518626
0.0452160761
0.0168395285
0.0106196096
0.0000454976
0.1724727601
0.0121930409
0.0011369544
0.0058629839
0.0387300253
0.0557863861
0.8866066337
0.0036899925
0.0846607909
0.0011945075
0.0001024400
0.0120840538
0.0187763330
0.0248853415
0.0052482132
0.0227985419
0.0045787860
0.0005444143
0.0004714797
0.0172397140
0.0014640096
0.0001161281
0.0143470410
0.0015234752
0.0028226045
0.0000104555
0.0014393089
0.0174712166
0.0006307037
0.0272745341
0.0089214034
0.2767146230
0.0027119077
0.2378654033
0.0003965748
0.0363559350
0.0000405577
0.9465163350
0.0812712312
0.0002771594
0.0153921731
0.0077814599
0.0001084972
0.0156516470
0.0055481568
0.0001583245
0.0046936139
0.0083973352
0.0250042565
0.0169786699
0.0050618183
0.0039925319
0.0074850717
0.0007999437
0.0000050800
0.0000055329
0.0063957898
0.0025386431
0.0002615429
0.0000016725
0.0015019859
0.0000401483
0.0006380827
0.0054709967
0.0224190447
0.0006411426
0.2359248996
0.0001058916
0.2671414018
0.0064817383
0.0139967212
0.0002073122
0.0115281977
0.0147564914
0.4758363366
0.0050748866
0.0007478355
0.0008940686
0.0141991396
0.0422559157
0.0278497096
0.8320235014
0.0001501863
0.0014223326
0.5108851194
0.0000741010
0.0701306537
0.0294138175
0.0352630839
0.0000180178
0.0095707877
0.0184017681
0.0252152383
0.0000068661
0.0000047365
0.0000430826
0.0105449408
0.0000519669
0.0001966426
0.0050889840
0.0002460134
0.2285496593
0.1681372970
0.0001223263
0.2469576448
0.0001286840
0.0019866470
0.0054784715
0.0033108534
0.0001469450
0.0002943697
0.1484230608
0.0554815196
0.0010062391
0.0007635247
0.0000548019
0.0000201556
0.0005839441
0.1677993983
0.0078916671
0.0093202479
0.5965371728
0.0589592904
0.0011332090
0.0091833053
0.0033315003
0.0093927141
0.0016926691
0.0564785749
0.0041491841
0.0002295244
0.0037437573
0.0269499365
0.0794042572
0.0001372655
0.0064817318
0.3405589163
0.7886145115
0.0032989115
0.0022359863
0.0031295251
0.0016101145
0.0002056637
0.0005682340
0.0032307107
0.5535178781
0.0000755912
0.9277319312
0.0293061063
0.0194683131
0.0012827562
0.0000504524
0.4740614891
0.0082554817
0.0206968132
0.0001887055
0.6494644880
0.0000233716
0.0188490637
0.0165746920
0.0000282502
0.0007061491
0.0003171790
0.0026380611
0.0000917610
0.0002590266
0.0000490694
0.0088008326
0.0000025321
0.0481974147
0.0054236366
0.0000201913
0.0013442981
0.0000384813
0.0092992485
0.0038527073
0.0005116765
0.0010171550
0.0898139551
0.0038049405
0.0072134887
0.0000061228
0.0000981337
0.0067073088
0.0159082506
0.0000056968
0.0186645444
0.0003611580
0.0005094096
0.0000346122
0.0909545571
0.0056062443
0.0010144259
0.0001000125
0.0230541453
0.0101872552
0.0000615280
0.0038034029
0.0038524659
0.0145503748
0.0012075487
0.0077269305
0.0006668142
0.2890084684
0.0007938335
0.0272879750
0.0003062828
0.0000203120
0.0586637929
0.0019668420
0.0067265718
0.0001543969
0.0000188943
0.0001025472
0.1074303612
0.0056143608
0.2535075247
0.1188354567
0.0110800993
0.0070945402
0.0067516598
0.0007996529
0.0000862673
0.0294057988
0.0104030063
0.0001555622
0.0004897164
0.0048841820
0.0009170687
0.0002803331
0.0265754145
0.0509143956
0.0501572788
0.1562357098
0.0002496454
0.0265113134
0.0000636770
0.0013004025
0.0896350071
0.0007302545
0.0000040141
0.1315203011
0.0000061858
0.0021472292
0.0001658203
0.0047515067
0.0007661048
0.1072617844
0.0011150710
0.0000766266
0.0000390690
0.0025244302
0.0013802397
0.0000000626
0.0002740471
0.0560269766
0.0006707298
0.0054118689
0.0606282204
0.0046684183
0.7960065007
0.0251883399
0.1885231882
0.0017930110
0.0011720904
0.0026812470
0.0314319655
0.0276247133
0.0007226315
0.0050560217
0.0792213157
0.0226853620
0.2737670839
0.0000051838
0.0001580308
0.0000046617
0.1582500935
0.0000494936
0.0524956286
0.0094109084
0.0059666997
0.1747087836
0.0108219134
0.0045609022
0.0087868804
0.0003822850
0.0033515655
0.0899086818
0.0000000234
0.0035360558
0.0002271187
0.2170087546
0.0013026840
0.0047808546
0.0000163741
0.0004553385
0.0017173585
0.0006481953
0.0006136465
0.0010901749
0.0000403174
0.0000501888
0.0007890775
0.0001360457
0.0047727572
0.0002520923
0.0878259465
0.0002024523
0.0214328710
0.0054468331
0.0000896058
0.0030944427
0.0004371525
0.0021542851
0.0015285406
0.0019995321
0.0005582990
0.0012371601
0.0043918150
0.0000350644
0.0000697291
0.0148451030
0.0010555761
0.0000268224
0.0524874814
0.0356271267
0.0006443310
0.0317202918
0.0003659321
0.0049697235
0.1089562699
0.0000346272
0.0116473120
0.0002758424
0.0018831320
0.0000004564
0.0070406725
0.1480946839
0.0716430172
0.1799743325
0.0050488478
0.0298084263
0.0090086376
0.0081720594
0.0000003644
0.0002341523
0.3377894461
0.0000465700
0.0201601274
0.0027577810
0.0000925896
0.0001515190
0.0004995872
0.0108742984
0.0573721901
0.0048523168
0.0213601775
0.0416774824
0.0041143484
0.0000231567
0.0017268535
0.0003214975
0.0001057908
0.0000226143
0.0037717028
0.2998872399
0.0015779210
0.0005266761
0.0019340632
0.0007323672
0.0042436942
0.0006909183
0.0220888648
0.0175121911
0.0040760469
0.0004712644
0.0017960200
0.0002130581
0.0003238885
0.0002190781
0.0067728171
0.1797183454
0.0425695963
0.0007994891
0.4793978930
0.0179767534
0.0006453573
0.0002184721
0.0001282861
0.0000344515
0.0022353225
0.0025068936
0.0182408150
0.0131308883
0.0420197062
0.0008883732
0.0020257093
0.0393022597
0.0012398832
0.0010993802
0.0487473160
0.0003125092
0.0002201741
0.2572849393
0.0002478898
0.0012532503
0.0004593952
0.0272170268
0.0013208060
0.0019828111
0.0001265892
0.0057552536
0.0025380875
0.0013172395
0.0690902770
0.0593762696
0.2564886510
0.0002935648
0.0019362808
0.0011088860
0.0011240456
0.0547597930
0.0047584889
0.0000335903
0.0003036738
0.0039671645
0.0000393757
0.0057887696
0.0940075591
0.0060546347
0.1533603966
0.0002371855
0.0429482684
0.0564298704
0.0056026145
0.0107619632
0.0014769674
0.3424574733
0.0048996061
0.0000302637
0.0003981138
0.0023764479
0.0109064411
0.4304634333
0.0000064295
0.0105672171
0.0007659157
0.0025800352
0.0001775188
0.1523251832
0.0010732220
0.0432733931
0.0268315990
0.2738692760
0.0001864020
0.0002262065
0.0458533578
0.0031261740
0.0000643916
0.0000003070
0.0245661885
0.0005066238
0.0010262091
0.0032810611
0.0121685360
0.0013884552
0.2874934077
0.1518506259
0.0004405044
0.0000215006
0.0810616314
0.1873475015
0.0005974083
0.0008034491
0.0011718069
0.0011234269
0.8332119584
0.0093336543
0.0314765498
0.0085762162
0.0665901229
0.0006735923
0.7771881223
0.0002465624
0.0940020382
0.1529075056
0.0003152418
0.0000062109
0.0000221857
0.0026609772
0.0004084930
0.0020896350
0.8702690005
0.0000568048
0.0002739519
0.0144970026
0.0056982972
0.0001512404
0.3884913325
0.0099361232
0.0000684911
0.0426299125
0.0102508906
0.0026360168
0.0045931987
0.4060694277
0.0002482497
0.0385641679
0.0003415909
0.0055165445
0.0183392614
0.0001665471
0.0000405929
0.0000510207
0.0113864066
0.0325336717
0.0001420014
0.0145707289
0.0003157465
0.0026605306
0.0612473674
0.0019999726
0.0001262754
0.0000938735
0.1840430647
0.0002826807
0.0052796802
0.0125987204
0.0007953263
0.0001461280
0.0002624659
0.0017828658
0.0007229448
0.0018932222
0.0034895092
0.0000466207
0.0282162074
0.0045073871
0.0793066993
0.0182851832
0.0001951796
0.0000397198
0.0000244162
0.0002037673
0.0369866639
0.0136898952
0.0221790224
0.0008261990
0.0001285637
0.0004658196
0.9969600439
0.0039187656
0.1743426919
0.0006294922
0.0003847771
0.0000075029
0.0110603822
0.0004940569
0.4540321827
0.0000501240
0.0003355015
0.0000494342
0.0277655330
0.0000487869
0.0470465571
0.0002048967
0.0031659610
0.0000447836
0.0004395870
0.0070894305
0.1080679223
0.2759152651
0.0048940228
0.0027824687
0.0002773548
0.0003209304
0.2251407653
0.0014997513
0.0000103666
0.0042527569
0.0006387865
0.0002351053
0.0000000079
0.0003469693
0.0001319186
0.0000375990
0.0092938589
0.0002681242
0.0002082428
0.0092983125
0.0003357189
0.0018138402
0.0346003622
0.2478147894
0.0065151067
0.0000211838
0.0335263871
0.1127760112
0.0274456274
0.0069292504
0.0274180956
0.4633095264
0.0012187323
0.0105512813
0.0173422191
0.0318206847
0.1643042415
0.1133920774
0.0018190407
0.0019849318
0.7130260468
0.0007022350
0.2314031124
0.0072738938
0.0000011562
0.0012886274
0.3980670869
0.0814752653
0.0007815467
0.0011046738
0.0026985032
0.7806966901
0.0118422573
0.0022606256
0.0000573864
0.0006813197
0.0049791574
0.0076617654
0.0014440323
0.0001324061
0.0071075172
0.0000950640
0.0008640194
0.0047947709
0.0000264567
0.0008318860
0.0046393876
0.0072485064
0.1062886491
0.0013639994
0.0172231626
0.0003465356
0.9389477372
0.0000043300
0.0013839218
0.0029172048
0.0009030857
0.0008444082
0.0003852390
0.0003981364
0.0478048176
0.0042317221
0.0009748422
0.0087956265
0.0001519887
0.0000022752
0.0010235870
0.0020538308
0.0009387290
0.0050702062
0.0693613216
0.0003066021
0.0000821274
0.0005452083
0.0001414366
0.0000431224
0.0615708381
0.0012832449
0.0000068472
0.0034305332
0.0525740571
0.0006114152
0.0198905095
0.0047650877
0.0047943569
0.0086833825
0.0004590798
0.0001862162
0.0001514736
0.0000251404
0.0001809295
0.0124790939
0.0065047909
0.0297912210
0.0845495686
0.0001142063
0.0000678630
0.0002553570
0.0000043774
0.0860723555
0.0763539076
0.0053148768
0.0109187271
0.4667703509
0.0049330415
0.0097509837
0.0004436883
0.0000806571
0.0000944612
0.0037373994
0.0018312957
0.0007845206
0.1796470731
0.1472264826
0.0875168219
0.0016770869
0.0000042004
0.0000218621
0.0014883045
0.0014614396
0.0031757227
0.0001887838
0.0902458951
0.0007156504
0.0018833420
0.0478759371
0.0005605772
0.0009266894
0.0006706061
0.0061871610
0.0003782118
0.1640700847
0.0003743733
0.0090983026
0.0011057972
0.0000451903
0.0526398122
0.9471216202
0.0000207055
0.0041833161
0.2855435908
0.0008894684
0.2486330867
0.0000094065
0.0019431814
0.0003129074
0.0008865687
0.0007803801
0.0002617665
0.0005413719
0.0183896106
0.1016508937
0.0448753349
0.0453433022
0.0000833309
0.0062031294
0.0015475663
0.0000154379
0.0015377948
0.0098050795
0.0149356881
0.0569125451
0.0298870057
0.0000168118
0.0329824202
0.0012587293
0.0000144100
0.0025810685
0.0275849439
0.4210078418
0.0019703112
0.0079636481
0.0023092467
0.0067473277
0.0000404319
0.0004814205
0.0059029795
0.0026111023
0.0002225120
0.0000248428
0.0198773053
0.0001534127
0.0000065019
0.0051658507
0.6158887744
0.0000054515
0.0312261470
0.0438297056
0.2084994465
0.0016093281
0.0003937531
0.0081106797
0.0195331834
0.0000027251
