0.1149339229
0.0035750738
0.0089294733
0.0267670155
0.0139628844
0.0218343250
0.0023154612
0.0285976101
0.0101004271
0.0123650543
0.0040188078
0.0435434394
0.0067623355
0.0000438320
0.0385786556
0.0188972093
0.0002378039
0.0277898461
0.0013166537
0.0162195116
0.2046950907
0.0349767320
0.0539393127
0.0029339248
0.0004402095
0.0041551604
0.0149499997
0.0468634740
0.0474305786
0.0057246992
0.0104401587
0.0362703018
0.0086667789
0.0291449055
0.0038392853
0.0631703883
0.1182760298
0.0020794680
0.0158572420
0.0006670207
0.0006652390
0.0036141311
0.0288064219
0.0158661567
0.0162939318
0.0035086533
0.0428901277
0.0781604201
0.0029630880
0.0048777363
0.0376356989
0.0495873019
0.0311603732
0.0428418294
0.0235434771
0.0306935459
0.0013872246
0.0001284091
0.0574740954
0.0130740022
0.0013526510
0.0030821254
0.0277440548
0.0097830119
0.0392160602
0.0148052443
0.1887109876
0.0074178888
0.0378146917
0.0281449575
0.0152571080
0.0287615806
0.0321913995
0.0020789485
0.0532601699
0.0789883882
0.0028237069
0.0077138240
0.0015614684
0.0125852628
0.0179589093
0.0038276752
0.0692436248
0.0059920736
0.0012659029
0.1177206263
0.0324547924
0.0101447375
0.0125060417
0.0012033960
0.1311255246
0.0055143861
0.0043258853
0.0084538367
0.0160602238
0.0002609767
0.0044779712
0.1023511440
0.0411257669
0.0771887228
0.0023570040
0.0038517173
0.0013057876
0.0790374726
0.0871992633
0.1250184178
0.0023281192
0.0066376636
0.0315568484
0.0000427364
0.0705742314
0.0017707658
0.0336277299
0.0005207870
0.0505361669
0.0182632655
0.0012531572
0.0097088655
0.0484528281
0.0552161150
0.0031702591
0.0048371162
0.0094891768
0.0445222184
0.0138667384
0.0448758155
0.0129088443
0.0520862639
0.0122132683
0.0075919959
0.0432214849
0.0700984895
0.0336786360
0.0409867801
0.0063856337
0.0704436526
0.1657618880
0.3148337603
0.0023252224
0.0037861390
0.0494616404
0.0098291002
0.0216102768
0.0822839886
0.0038706169
0.0028707967
0.0035713285
0.0350219458
0.0383970998
0.0021610043
0.0421834923
0.0298079848
0.0118616465
0.0506459847
0.0007821334
0.0003648353
0.0115440376
0.0414541438
0.0600051731
0.0017583743
0.0427823327
0.0147501761
0.0071216617
0.0384623036
0.0328643098
0.1207432151
0.0210224092
0.0153917531
0.0076420903
0.0064983163
0.2732432485
0.0102208219
0.0040462455
0.0932751074
0.0036844995
0.0156531464
0.0016833119
0.0176183563
0.0797296241
0.0813092068
0.0548488647
0.0780651569
0.0575366393
0.0023944380
0.0039539798
0.0409698561
0.0048480174
0.0065958677
0.0031029845
0.0969421640
0.0348088183
0.0007744750
0.0432133116
0.0212173704
0.0056587784
0.0018305959
0.0030329493
0.0178810731
0.0083611850
0.0026367814
0.0162078291
0.0334660895
0.0177198071
0.0123170298
0.0400834791
0.0643735230
0.0054301559
0.0671176836
0.0029777463
0.0001910690
0.0205676481
0.0149588296
0.0094762649
0.0001330448
0.0307076257
0.0213390067
0.0014059077
0.0597702898
0.0158026181
0.0795781985
0.0124406926
0.0076766950
0.0157245751
0.0216884483
0.0032282821
0.0162445549
0.0009213985
0.0162908211
0.0448164977
0.0784865096
0.0623152368
0.0058858180
0.0772124305
0.0030653763
0.0829408690
0.0053616758
0.0073803049
0.0747115985
0.0186976846
0.0109474836
0.0339696333
0.0063011632
0.0250134412
0.0208631493
0.0389666595
0.1104474664
0.0081367185
0.0214525349
0.0082109086
0.0080409385
0.0263448916
0.0355855003
0.0006581945
0.0134681491
0.0034034729
0.0453545116
0.0014107045
0.0035374220
0.0609247275
0.0268563256
0.0623270385
0.0334451161
0.0489714667
0.1840906739
0.0301958360
0.0129414573
0.0101068225
0.0019877204
0.0336449891
0.0579298362
0.0384320915
0.0052371020
0.0208309125
0.0635920763
0.0038739648
0.0474253222
0.0367477797
0.0032517617
0.0657531098
0.0735014230
0.0619460940
0.0383897647
0.0738164410
0.0014921757
0.0381673388
0.0301375911
0.0056549944
0.0005482563
0.0016413758
0.0011062908
0.0264840368
0.0036398757
0.1075934321
0.1078319252
0.0228159893
0.0588216819
0.0005549164
0.0067388294
0.0091713304
0.0048244325
0.0693706498
0.0466556810
0.0720891580
0.0011543224
0.0061736829
0.0197910368
0.0003845105
0.0356440097
0.0039797495
0.0697627664
0.0024678316
0.0114544313
0.0078096306
0.0004428842
0.0325281695
0.0177273285
0.0760627761
0.0016699051
0.0166447517
0.0506708473
0.1087826490
0.0311579779
0.0013903236
0.0748550594
0.0150348097
0.0729136616
0.1281563342
0.0219456479
0.0274909269
0.0052643395
0.0478968769
0.0007451930
0.0048774495
0.0055916137
0.0124252187
0.0820356980
0.1157326475
0.0178200398
0.0003408481
0.0003279199
0.0011988202
0.0021580153
0.0153325014
0.0125290714
0.0319078378
0.0010187275
0.0257076025
0.0128653217
0.0394218117
0.0045113959
0.0358288288
0.0321978219
0.0127379606
0.0105831539
0.0182819217
0.0775720552
0.0195180811
0.0021151197
0.0857876688
0.0084057888
0.0021541426
0.0193089489
0.0434111804
0.0026199003
0.0435536690
0.0055867345
0.0015405568
0.0008314070
0.0175948162
0.0084396750
0.0088985097
0.1197107360
0.0005706860
0.0441083573
0.0114265233
0.0729989335
0.1549205333
0.0123777157
0.0447051600
0.1548843980
0.0051044337
0.0166108422
0.0181964338
0.0226344578
0.0030938808
0.0131526934
0.1381364465
0.0336612165
0.0811704472
0.0201605596
0.1457622945
0.0038814317
0.0368182734
0.0005274164
0.0013196856
0.0101166405
0.0195666775
0.0269511305
0.0220616721
0.0377530642
0.0214208569
0.0023246130
0.0190365985
0.0033753945
0.0007507706
0.0454930291
0.0183607545
0.0018275516
0.0215917639
0.0112304101
0.0007097668
0.0654490441
0.0787250847
0.0046474100
0.0147212464
0.0137950862
0.0146410670
0.0589855649
0.0228863917
0.0057614562
0.0028729676
0.0196697228
0.0061987801
0.0926794559
0.1027021185
0.0316289812
0.0186717883
0.0334556513
0.0013180338
0.0468173064
0.0023008392
0.0087206746
0.0550104342
0.0097209681
0.0392888002
0.0649212152
0.0263107996
0.0286345985
0.0224742219
0.0522691235
0.0059808712
0.0098614758
0.0223963205
0.0013674943
0.0266513005
0.0007731197
0.0659830049
0.0060388781
0.1379196495
0.0010145574
0.0128747430
0.0319997296
0.0396812744
0.1054743081
0.0355361104
0.0648170784
0.0699309707
0.0584020950
0.0325222686
0.0240358002
0.0102388598
0.0069257473
0.0029388629
0.0032428224
0.0094192289
0.1326551288
0.0178220775
0.0256778467
0.0168004334
0.0037153051
0.0090568941
0.0168818887
0.0017538070
0.0491415486
0.0311442856
0.0126790591
0.0008829336
0.0203321017
0.0233993195
0.1847604215
0.0171900205
0.0691320300
0.0272233002
0.0006719787
0.0024820028
0.0032821828
0.0111169266
0.0187621769
0.0147852404
0.0016729310
0.0216435213
0.0024214527
0.0363005809
0.0153565221
0.0965321362
0.0575370677
0.0224606059
0.0039976649
0.0510504432
0.0359245986
0.0182656944
0.0266237799
0.2452671975
0.0108247576
0.0211950745
0.0046080695
0.0325095467
0.0369219668
0.0418439358
0.0691586509
0.0072324690
0.0184585024
0.0130576342
0.0989553854
0.0329662189
0.0480251834
0.0366095789
0.0142490780
0.0661388040
0.0671620071
0.1094975621
0.0172123890
0.0529787242
0.0003889222
0.0227931030
0.0075435811
0.0495866202
0.0598790757
0.0277894009
0.0055634184
0.0585335568
0.0796315894
0.0211138204
0.0049170763
0.0300807897
0.0614548028
0.0477950722
0.0477765314
0.0079300934
0.0525311902
0.0014514045
0.0251033381
0.0036063469
0.0845046267
0.0318704396
0.0376849920
0.0618866682
0.0022567690
0.0524011850
0.0074516558
0.0020532950
0.0001734059
0.0029972042
0.1221729517
0.0219171029
0.0762411654
0.0007526625
0.0364775136
0.0709701777
0.0184861235
0.0091188103
0.0505671389
0.0531901047
0.0041167564
0.0384845324
0.1294187009
0.1463844776
0.0998771265
0.0934071690
0.0065992060
0.0041814577
0.0019137101
0.1031086817
0.0088172406
0.0221062507
0.0526450723
0.0505010933
0.0576118380
0.0068204105
0.0515971407
0.0035183944
0.0120677380
0.1531922668
0.0272250902
0.0018138065
0.0040596034
0.1496325582
0.0210548583
0.0034017733
0.0052308110
0.0081171421
0.0313900448
0.0604600459
0.0229785964
0.0734607950
0.0215371531
0.0295189749
0.1175604537
0.1196733937
0.1016304269
0.0360333845
0.0320627838
0.0107013024
0.0198236611
0.0123484926
0.0151157295
0.0003522203
0.0393796973
0.0283745453
0.0598702952
0.0341321118
0.0057519018
0.0358351208
0.0043145712
0.1928560734
0.0036338367
0.0014110100
0.0038182340
0.0512193814
0.0653866008
0.0104677621
0.0091272201
0.0201822836
0.0479512252
0.0366283096
0.0080209766
0.0097081047
0.0119019607
0.0412711650
0.0107448585
0.0534243621
0.0700881556
0.0641314462
0.0262045655
0.0555436090
0.0035291167
0.0154747954
0.0084586507
0.0064628837
0.0087843966
0.0171826277
0.0541044697
0.0428845882
0.1528606117
0.0263950322
0.1231291220
0.0403329059
0.0013314398
0.0661782995
0.0094440617
0.0268783905
0.0157470256
0.0066224341
0.0537354015
0.0459590480
0.0970731750
0.0424948372
0.1419109404
0.0233312026
0.0988020673
0.0326669924
0.0452503338
0.0006608334
0.0175311193
0.0381668247
0.1595552266
0.0918107405
0.0792448297
0.0839578584
0.0115926350
0.0551699512
0.0055733486
0.0019120288
0.0252528470
0.0139036542
0.0008409542
0.0020006953
0.0176494475
0.0222589020
0.0854102969
0.0973119810
0.0374670252
0.0414925553
0.0075329645
0.0135895573
0.0534939282
0.1375362128
0.0343996882
0.1656073779
0.0061079566
0.0039507304
0.0325607136
0.0377139859
0.0437378027
0.0013246798
0.0052165985
0.0075650485
0.0128470948
0.0942953825
0.0192748755
0.0663230494
0.0082248999
0.0784666315
0.0544674359
0.0736480951
0.0365718864
0.0231130160
0.0512648113
0.0508185811
0.0132991169
0.0023534435
0.0647936836
0.0079970602
0.0025309634
0.2057455033
0.0063475566
0.0400451683
0.0232382435
0.0106752235
0.0049918075
0.0651250482
0.0301336311
0.0758636445
0.0660051554
0.0134984544
0.0137393158
0.0073288889
0.0044812397
0.2518414557
0.1135043651
0.0018915912
0.0227598287
0.0794212818
0.0211044699
0.0467091054
0.0307252035
0.0022753163
0.0249647442
0.0098412661
0.0324615799
0.0006931871
0.0418329164
0.0018595153
0.0877270699
0.0482603945
0.0229312629
0.0116063841
0.0001942137
0.0584860593
0.0686918795
0.0087993862
0.0290687773
0.0090240641
0.0107202595
0.0295402519
0.0113595827
0.1128410622
0.0324470103
0.0042500258
0.0096533718
0.0033290538
0.0551485382
0.0128398696
0.0062469612
0.0259674694
0.0818094835
0.0763451979
0.0251328740
0.0523624271
0.0060535069
0.0023374190
0.1125883460
0.0721902400
0.0250164308
0.0024464093
0.0688180327
0.0095347846
0.0619063973
0.0608743355
0.0037445256
0.0059840614
0.1645369679
0.0013541733
0.0032203665
0.0060304892
0.0030402634
0.0005401614
0.0270652287
0.0313440338
0.1179791167
0.0131550645
0.0015403669
0.0100545846
0.0191410705
0.1132306457
0.0088402908
0.0577833466
0.0200595465
0.0629657879
0.0114456648
0.0449887887
0.0256530680
0.0199379828
0.0430724397
0.1083368361
0.0412268899
0.0015851100
0.0128306570
0.0476168506
0.1558086276
0.0250552520
0.0874048993
0.0002186317
0.0094287861
0.1060046479
0.0027649989
0.0824817494
0.0022009213
0.0240291636
0.0036331962
0.0062281126
0.0000233656
0.0692812428
0.0112116020
0.0477647409
0.0056274012
0.0568800308
0.1589293182
0.0123762293
0.0351749100
0.0079627112
0.0017121539
0.0726884454
0.0050446959
0.0217703581
0.0036738268
0.0037040508
0.0035837914
0.0082188221
0.0079717748
0.0091442177
0.0013025395
0.0145734949
0.2657285929
0.0255870912
0.0056547932
0.0010087097
0.0009898386
0.0045544426
0.0413977243
0.0016569147
0.0109241158
0.0918826312
0.0134097263
0.0206857938
0.0188555177
0.0029604563
0.0213056430
0.0252721217
0.0007782450
0.0655070692
0.0260773618
0.0029584498
0.1080922186
0.0771981180
0.0164116062
0.0359148495
0.0600669011
0.0013090152
0.0421430729
0.0005297448
0.0477288403
0.0516956225
0.0098736677
0.0265234616
0.0052563376
0.0328837223
0.0113239298
0.0009300688
0.0009412146
0.0611772873
0.0002856484
0.0007041143
0.0055149877
0.0007781316
0.0253707096
0.0019454770
0.0164416749
0.0719290823
0.0338728353
0.0055785100
0.0531157367
0.1438155174
0.0110191861
0.0179126225
0.0088175153
0.0046403678
0.0014207426
0.0021139625
0.0255918130
0.0266404282
0.0408287160
0.0259375330
0.0029297504
0.0190895908
0.0265956614
0.0063824458
0.0022047299
0.0656140000
0.0058248257
0.0170721095
0.0184414815
0.0811990276
0.0937324315
0.1057686061
0.0039970651
0.0003587664
0.0582321920
0.0529734641
0.0958771408
0.0015037741
0.0198031403
0.0273251403
0.0112415655
0.0014771670
0.0264818911
0.1288934052
0.0029223922
0.0062856926
0.0056741782
0.0849142894
0.0020175905
0.0017438575
0.0640874207
0.0789823383
0.0291087404
0.0090304641
0.0834511518
0.0123839546
0.0310087707
0.0904684886
0.0015015404
0.0186050739
0.0531642474
0.0362296179
0.0479893982
0.0311766434
0.0072542084
0.0396342203
0.0218635108
0.0373580493
0.0185285769
0.0007716814
0.0660528988
0.0653266013
0.0968774706
0.0498402566
0.0071757985
0.0163344424
0.0189812370
0.0575942621
0.0016926288
0.0123836035
0.0204377491
0.0442749858
0.0022417542
0.0121664722
0.0007053736
0.0166940708
0.0241370369
0.0019946680
0.0231701341
0.0006726743
0.2610281408
0.1238600910
0.1947202981
0.0726807117
0.0179639217
0.0004570597
0.0683970302
0.0317895487
0.0189365726
0.0322976671
0.0317464694
0.0659376085
0.0163380038
0.0026713058
0.0849642083
0.0004696402
0.0069494923
0.0511954762
0.0790272653
0.0034638285
0.0440267175
0.0411387905
0.0194267817
0.0223554820
0.0264212992
0.0402028933
0.0009757325
0.0022793219
0.0070434795
0.0004218496
0.0516371317
0.0534723029
0.0014075877
0.0040987106
0.0006240690
0.0627903864
0.0028555235
0.0571808740
0.0004684125
0.0233560167
0.1519138664
0.0338959396
0.0160390697
0.1031880006
0.0841404498
0.0005291649
0.0178097859
0.0375868678
0.0029027010
0.0344178192
0.0425829701
0.0023831371
0.0155965053
0.0021954714
0.0065430761
0.0510619022
0.0187936649
0.0123679666
0.1041807160
0.0688192919
0.0025009590
0.0685401708
0.0012120041
0.0579981618
0.0183132458
0.0636608079
0.0044480967
0.0042112605
0.0632722899
0.0136871096
0.0682091042
0.0019575153
0.0250310767
0.0014019829
0.0756111667
0.0043628272
0.0563042499
0.0241996702
0.0002306347
0.1827585697
0.0066805785
0.1362675428
0.0009128721
0.0324645080
0.0010994588
0.0716077089
0.0021596290
0.0166620165
0.0063114418
0.0762481987
0.0220072959
0.0396060348
0.0004822720
0.0140300728
0.0073549068
0.0117900027
0.0186712183
0.0103859613
0.0438654944
0.0245404225
0.0323351845
0.0098713888
0.0213291198
0.0240095053
0.0266879313
0.0362202153
0.0112614641
0.0410391875
0.1859612912
0.0280676056
0.0374779440
0.0087722773
0.0573429279
0.0042606415
0.0069227442
0.0196321979
0.0136908880
0.0800934285
0.0005108655
0.0114610791
0.0340209045
0.0085120313
0.0231192634
0.0221549999
0.0305346567
0.0131505029
0.0825024918
0.0215749275
0.0333795249
0.0000835730
0.0130450679
0.0402492099
0.0269117430
0.0137465606
0.0456300564
0.0269604474
0.0109321605
0.0299743321
0.0326814316
0.1151803732
0.0559478514
0.0037111631
0.0188995097
0.0036206567
0.0165047236
0.0329599045
0.0022622214
0.0023353538
0.0142384116
0.0391134284
0.0036492813
0.0017988082
0.0077582407
0.0378171206
0.0153092649
0.0721172318
0.1111915857
0.0001504903
0.0084852511
0.0480814800
0.0339109264
0.0038830910
0.0289781000
0.0003979738
0.0116723794
0.0156050129
0.0448582098
0.0341531523
0.0030573837
0.1165876612
0.0057930108
0.0073978365
0.0313240625
0.0271896329
0.0168865342
0.0399577133
0.0066155558
0.0162205528
0.0134418495
0.0189869218
0.0487390235
0.0532401279
0.0042122109
0.0243350230
0.0411209054
0.0047331532
0.0166757256
0.0843313038
0.0806566179
0.0269606020
0.0137438131
0.0173365735
0.0176198576
0.0088918135
0.0380792059
0.2778990865
0.0326028466
0.0046035787
0.0124492319
0.0753661469
0.0444158986
0.0010044307
0.0019805518
0.0047228364
0.0341754481
0.0297810100
0.0332082398
0.1697369665
0.0647960678
0.0007273486
0.2825829089
0.0397560634
0.0017895424
0.0305381492
0.0020219299
0.0052655255
0.0127987284
0.0414002910
0.0104404343
0.0384592898
0.0024801830
0.0693825409
0.0025556521
0.1281408072
0.0246562641
0.0035466363
0.0630175397
0.0345702954
0.0556220561
0.0131135182
0.0005151665
0.0064966478
0.0076522194
0.0843800306
0.0608795360
0.0026767165
0.0158486273
0.0310942512
0.0097150942
0.0368122943
0.0243976600
0.0146399187
0.0016845664
0.0550569668
0.0344629698
0.0211184341
0.1244847178
0.0292376820
0.0040703095
0.0002871507
0.0078025288
0.0042922879
0.0998552442
0.0005853494
0.0125676533
0.0037782087
0.0784241781
0.0090794414
0.1083123386
0.0540372171
0.0209296774
0.0893587545
0.0019785715
0.0084900940
0.0040673381
0.0330818072
0.0003833221
0.0877236128
0.0682030916
0.0651046410
0.0198314097
0.0560979471
0.0005261374
0.0394168943
0.0296933800
0.0378880017
0.0364348665
0.0170979202
0.0006832588
0.0381520540
0.2384493947
0.0005232899
0.0033295646
0.1073271409
0.0252237543
0.0334682614
0.0240430664
0.0160418861
0.0194720682
0.0392621160
0.0993686467
0.0752498135
0.0271370541
0.0079771392
0.0313748829
0.1707859933
0.0104501089
0.0463916622
0.0086127911
0.0007889369
0.0143618891
0.0000191879
0.0065257004
0.0728256181
0.0044952952
0.0122814225
0.0099117095
0.0016251018
0.1252572685
0.0066317953
0.1683556288
0.0459523983
0.0016769822
0.0050071427
0.1611255705
0.0809552670
0.0090450561
0.0027316315
0.0026880531
0.1585447639
0.0548529997
0.0351309031
0.0012199362
0.0003800289
0.0103418725
0.0178307332
0.0648763850
0.0331591181
0.0117970277
0.0197199341
0.0185653605
0.0651773438
0.0485998876
0.0009343179
0.0016176354
0.0174043886
0.0447381586
0.0213108137
0.0365192927
0.0520554222
0.0346403420
0.0099755237
0.0980224088
0.0063184411
0.0789636225
0.0135255689
0.0024524820
0.0626888946
0.0609516017
0.1235321984
0.0486306101
0.0549954884
0.0030607092
0.0048777224
0.0020239498
0.1782053262
0.0250033494
0.0020805260
0.0469288863
0.0109686358
0.0195464622
0.0066284318
0.0150177870
0.0513681546
0.0001074607
0.0455974303
0.0311465282
0.0945410952
0.0105882380
0.2156510800
0.0062313685
0.0257162284
0.0088005001
0.0199359246
0.0133437607
0.0419110954
0.0013340291
0.0174003672
0.0013237383
0.0013603857
0.0875241682
0.0128149511
0.0032364924
0.0237919353
0.0193280913
0.0092104580
0.0224397834
0.0428196527
0.0452916436
0.0021879361
0.0267623067
0.0441236533
0.0011160222
0.0013675992
0.0481993817
0.0040299734
0.0430226251
0.0019825594
0.0761630386
0.0058147199
0.0010072561
0.1540211141
0.0268314481
0.0346300565
0.1596597731
0.0031526648
0.0366167128
0.0574804507
0.0567225814
0.0327814631
0.1533864439
0.0491362363
0.0372504480
0.0064443890
0.0231367275
0.0332778059
0.0554244108
0.0031911875
0.0085908324
0.0755155981
0.0222891923
0.0042674947
0.0046701645
0.1154840365
0.0019234903
0.0308055487
0.5323780179
0.0019052298
0.0004784724
0.0425612703
0.0048172059
0.0038896736
0.0464911424
0.0081631755
0.0238356348
0.0301534198
0.0269127544
0.0285724718
0.0500338748
0.0197282955
0.0185835548
0.0152849006
0.0075516780
0.0005055924
0.0014320154
0.0037626477
0.0113392714
0.0044846106
0.0152218007
0.1011515781
0.0351006389
0.0010788975
0.0333285667
0.0020374660
0.0031660316
0.0382530876
0.0583879426
0.0415604450
0.0017022331
0.1354610771
0.2070803642
0.0020506019
0.0085512456
0.0003515148
0.0272250623
0.0033821545
0.0054329042
0.0016880174
0.0123659102
0.0003671819
0.0013739460
0.0121963732
0.0041321740
0.0158936698
0.0274325758
0.2883895338
0.0058821533
0.0120866047
0.0634725839
0.0069869324
0.0631435663
0.1063319370
0.0034773466
0.0005758893
0.0284230988
0.0175409038
0.0056617036
0.0216413792
0.0462511815
0.0435163081
0.0092486544
0.0382794775
0.0174315702
0.0085575096
0.0352283530
0.0209344383
0.0370220952
0.0395446122
0.0337267369
0.1401421577
0.0044040773
0.0399021991
0.0350545458
0.0006407999
0.0858542770
0.0519200191
0.0008642557
0.0454989634
0.0003637788
0.0256934650
0.0657330677
0.0012166493
0.0193948243
0.0523170717
0.0441877134
0.0372200981
0.0211134162
0.0771481767
0.0089331781
0.0213042125
0.0007561133
0.0129449740
0.1487659067
0.0244538542
0.0610632747
0.0753410384
0.0472113788
0.0828647912
0.0509015135
0.0481134951
0.0231077578
0.0359116048
0.0095451474
0.0127400002
0.0154350204
0.0141568789
0.0125827985
0.0082368217
0.0485611893
0.0423529632
0.1472003013
0.0830915421
0.0619250797
0.0407649018
0.0062603550
0.0163688324
0.0004345064
0.0299524069
0.0798005462
0.0288769975
0.0377508365
0.0156337395
0.0033866931
0.0231153220
0.0195902735
0.0090796305
0.0140903573
0.0357334763
0.0029467258
0.0098152421
0.0326899402
0.0007114643
0.0058745290
0.0029790450
0.0200496893
0.0100415936
0.0094956374
0.0868625566
0.0754779875
0.1558019966
0.0659542456
0.0465035923
0.2334012538
0.0168568660
0.0080480548
0.0245736856
0.0015262347
0.0175228603
0.0015799950
0.0601087920
0.0522835441
0.0330358259
0.0330581181
0.0065035364
0.0007495889
0.0146398358
0.0390126929
0.0456668884
0.0017195115
0.0086610988
0.0096446462
0.0394561887
0.0208671745
0.0083727334
0.2386099547
0.0106709842
0.0058468003
0.0039921263
0.0493094809
0.1580284238
0.0280662421
0.0029596919
0.0321208686
0.0132368151
0.1246163473
0.0431243367
0.0006299473
0.0170923658
0.0181736015
0.0008956891
0.0485591367
0.0537775345
0.0292527676
0.0328187533
0.0260191262
0.0193002727
0.1262319684
0.0421392582
0.0420286804
0.0040431493
0.0854770020
0.0546025373
0.0023582736
0.0781802163
0.0093414886
0.0117241507
0.0443041511
0.0451073647
0.0710327551
0.0057203420
0.0296505615
0.0056826030
0.0035350667
0.0239954256
0.2531729639
0.0192482919
0.0033084906
0.0168237146
0.1882047206
0.1282456815
0.0013438860
0.0801643431
0.0068651205
0.0091941673
0.0014002656
0.0307562705
0.0160060674
0.0098530985
0.0281636808
0.0406620018
0.0027688462
0.0120535120
0.0282088015
0.0152721889
0.0289044697
0.0342955105
0.0540071353
0.0564061068
0.0970393494
0.0036845098
0.0036745267
0.0324108563
0.1143501475
0.0385037698
0.0301651862
0.0429680683
0.0497751720
0.0187288746
0.0238263030
0.0628303438
0.0321346521
0.0543698408
0.0045793080
0.0026795913
0.0038924150
0.0933184475
0.0844797939
0.0018240260
0.0252056941
0.0321348980
0.0262388121
0.1581274420
0.0002177378
0.0393873379
0.0950348899
0.0467026532
0.0142785851
0.0013469344
0.0007511850
0.0267359708
0.0047666184
0.0168899298
0.0331362113
0.0109935664
0.0186593048
0.0172471479
0.0171762984
0.0039442806
0.1312446594
0.0338801481
0.0027522654
0.0377308615
0.0119147245
0.0470070243
0.0233660862
0.0141902575
0.0193639062
0.0014309223
0.0047695441
0.0729133859
0.0364379175
0.0067327172
0.0109980777
0.0319864601
0.1229619086
0.0018308870
0.0528004132
0.0023793413
0.0111791585
0.0441480204
0.0089317514
0.0306568146
0.0029383055
0.0146633182
0.0070592747
0.0504599288
0.0035936299
0.0022883576
0.0073469458
0.0341519155
0.0222270545
0.0069832047
0.0135930777
0.1119863614
0.0046249414
0.0179094765
0.0009612125
0.0355680995
0.0100800805
0.0086244186
0.0028642851
0.0278989915
0.0079912795
0.1265046746
0.0033328512
0.0603986904
0.0202720854
0.0159853529
0.0235829987
0.1170137897
0.0438112579
0.0113177495
0.0005157334
0.0127980113
0.1153216809
0.0270813014
0.0023682164
0.0012558432
0.0127011640
0.0290146247
0.0070484802
0.0608274974
0.0231727120
0.0028636081
0.0046229721
0.0038978499
0.0003802086
0.0078359600
0.0241605118
0.0301132910
0.0829520002
0.1045021787
0.0365724079
0.0137880687
0.0034514905
0.0141662583
0.0133616645
0.0063933595
0.0028815193
0.0429185964
0.0017898200
0.0209923144
0.0294145010
0.0770829394
0.1324218959
0.0247746482
0.0519597121
0.0110506807
0.0284260176
0.0471135788
0.0183869842
0.0024999254
0.0327261128
0.0163976550
0.0165092442
0.0058584916
0.0134307882
0.0038762211
0.0045914156
0.1188806295
0.0691879243
0.0536066927
0.0127592729
0.0050773481
0.0294763111
0.0443401411
0.0007935926
0.0967266038
0.0480990447
0.0171888601
0.0069085313
0.0077070640
0.0001599182
0.0114091486
0.0006618892
0.1772881299
0.0070220418
0.0792970806
0.2350589186
0.0159909185
0.0391720012
0.0000588794
0.0436106920
0.0273103081
0.0095269615
0.0335738361
0.0822087154
0.0001525276
0.0048679071
0.0097857425
0.0456341729
0.0105325291
0.0021779723
0.0171870887
0.0199101046
0.0068738419
0.0704838261
0.0017775487
0.1069527641
0.0047059553
0.0030023642
0.0224788934
0.0070325127
0.0169364233
0.0132398866
0.0232070889
0.0396086648
0.0115001183
0.0031113073
0.0177441929
0.0618924387
0.0164275542
0.0036231328
0.0562640131
0.1469031721
0.1127667800
0.0054630633
0.0006041609
0.1200955659
0.0059351018
0.0007005873
0.0836560205
0.0872649178
0.0574802049
0.0414576754
0.0020192012
0.0631668195
0.0013978693
0.0066889846
0.0022344529
0.0183699094
0.0069437330
0.0430212095
0.0158850588
0.0065628346
0.1155515239
0.0045153792
0.0358856916
0.0181122720
0.0008689901
0.0003834307
0.0320135280
0.0230320655
0.0046401345
0.0279331375
0.0011764035
0.0024164373
0.0353079960
0.0052982769
0.0697741881
0.0126652597
0.0256290454
0.0401244946
0.0773936436
0.0182398446
0.0498854257
0.0205460750
0.0160400197
0.0365107469
0.0913518444
0.0357311033
0.0149754910
0.1113789976
0.1761258841
0.0704033524
0.0093557928
0.0055092322
0.0958830714
0.0673111156
0.0471049361
0.0004842219
0.0347969159
0.0186633840
0.0036786243
0.0094221616
0.0159556624
0.0342869051
0.0417202115
0.0056007523
0.0050030723
0.0134508433
0.0015237862
0.0005645803
0.0926890075
0.0002255671
0.0050648400
0.0070799543
0.0175670218
0.0086297896
0.0625913069
0.0156534985
0.0059168716
0.0051807477
0.0808404610
0.0153308380
0.0322906040
0.0334098227
0.2358562797
0.0420160405
0.0269940477
0.0309398789
0.0027051931
0.0208499655
0.0308981817
0.0503270663
0.0232463051
0.0511829443
0.0203837007
0.0392207764
0.0051392405
0.1006350666
0.0174502917
0.0266528036
0.0442385003
0.0427785516
0.0549469069
0.0189937800
0.0252488442
0.0003014705
0.0536482409
0.0005433555
0.0061038160
0.0211960133
0.0465708226
0.0586879924
0.1131987646
0.0254187845
0.0102144908
0.0013410412
0.0005660151
0.1717446297
0.0028944514
0.0410974473
0.0044306321
0.0123858899
0.0466814041
0.0384236500
0.0448271446
0.0237622522
0.0047293720
0.0529569089
0.0287402961
0.0290698949
0.1608622223
0.0333402194
0.0036047262
0.0047591981
0.0042482200
0.0162886344
0.0193183329
0.0432413965
0.0304706581
0.0063667609
0.0363539122
0.0340134650
0.0529311113
0.0156489741
0.2138913274
0.0105857896
0.0332062803
0.0103917327
0.0650567561
0.2590022087
0.0214399565
0.0129237333
0.0035870571
0.0025667641
0.0520960353
0.0351260379
0.0127289630
0.0039774007
0.0021602272
0.0038509325
0.0570155084
0.0231635291
0.0150642265
0.0141057987
0.0172532275
0.0273041409
0.0094430223
0.0490057245
0.0215747468
0.0096763186
0.0019387761
0.0156819951
0.0094146971
0.0508106388
0.0376676694
0.0020866443
0.0496730059
0.0001455931
0.0020216799
0.0007899255
0.0180550590
0.0272456314
0.0800604075
0.1305287331
0.0436292104
0.0000974511
0.0255810022
0.0110380547
0.0005766582
0.0329829603
0.1054328978
0.0490383320
0.0661407188
0.0186557695
0.0006880800
0.0267653074
0.1348993033
0.0087247528
0.0163570214
0.0098307468
0.0080939177
0.0746540204
0.0092308708
0.0021476725
0.1290884614
0.0067781438
0.0757981837
0.0449010432
0.0191947687
0.0043557822
0.0057098367
0.1030549854
0.0022607557
0.0450645201
0.0986814052
0.0363904126
0.0191058274
0.0288382452
0.0555964001
0.0861213580
0.0240451116
0.0003258475
0.0023408718
0.0170831159
0.0007226738
0.1061625704
0.0073157628
0.0280797798
0.0156427324
0.0711340308
0.1738949418
0.0030559755
0.0046106554
0.0106174853
0.0623450689
0.0187568665
0.0230972935
0.1293361783
0.0246644299
0.0275182351
0.0757097229
0.0349131636
0.0009910658
0.0082423864
0.0102266809
0.0298296567
0.0213120971
0.0281801298
0.0442466065
0.0387982018
0.0247604623
0.0114579350
0.0402672701
0.0009369820
0.0173626021
0.0880204290
0.0181425288
0.0136756236
0.1030982360
0.0119709289
0.0006597526
0.0610334277
0.0411313772
0.0558694936
0.0770324767
0.0695052966
0.0147081595
0.0157712623
0.0205576979
0.0135128936
0.0012621550
0.0351075791
0.0005969527
0.0683560446
0.0925534889
0.0142175183
0.0120613631
0.0107141370
0.0131367100
0.0555605069
0.0011664940
0.0032353250
0.0342893302
0.0928690955
0.0383510962
0.0458866172
0.0023068222
0.0064665773
0.0022747025
0.0119704502
0.0016140823
0.0000554728
0.0365100838
0.0601935014
0.0063167168
0.0523555391
0.1043267474
0.0012752964
0.0282333586
0.0460805371
0.0023321186
0.0008216285
0.0235199146
0.0039364877
0.0296891425
0.0364014097
0.0477060229
0.0021766815
0.0001560254
0.0113750156
0.0129555427
0.0690217912
0.0083267568
0.0563322231
0.0242527463
0.0570654050
0.0077428217
0.0086824093
0.0242322497
0.0074996911
0.0354301669
0.0624102764
0.0051407935
0.0034154395
0.0047385320
0.0083363662
0.0018224336
0.0014871915
0.0139364386
0.0029101255
0.0183242895
0.1555081159
0.0042126384
0.0438760892
0.0020571670
0.0085948901
0.0008067834
0.0518387593
0.0143827489
0.0217629876
0.0003433620
0.0635331422
0.0276861433
0.0144726895
0.0064602299
0.0782195032
0.0177392717
0.1151446551
0.0431355163
0.0380358957
0.0279348716
0.1503695101
0.0090597281
0.0136490790
0.0128351450
0.0928010792
0.0021405434
0.0031988823
0.0466912314
0.0008857112
0.0192981157
0.0166188665
0.0381480046
0.0847805589
0.0150133595
0.0051647434
0.0003304399
0.0037400795
0.0157914609
0.0020728665
0.1288216859
0.0390386060
0.0166081786
0.0024577184
0.0134054059
0.0347812362
0.0105883479
0.0012137219
0.0152612915
0.0635955259
0.0111422325
0.0607102774
0.0007343982
0.0557373874
0.0089514600
0.0298248529
0.0075306012
0.0218386631
0.0018156465
0.0433930382
0.0405608043
0.0576092862
0.0048892107
0.3471436501
0.0022114306
0.0033403737
0.0048776967
0.0010115028
0.0011517396
0.2889802158
0.0099269524
0.0316398740
0.0442287028
0.0378406383
0.0025274735
0.0225942284
0.0106535712
0.0470769554
0.0007050033
0.0374436006
0.0414825082
0.0215501692
0.0056633553
0.0094684884
0.0064841979
0.0229387954
0.0000016666
0.0202859733
0.0001453577
0.0004132723
0.0327006616
0.0671970025
0.0143707749
0.0228217430
0.0554748736
0.0314804018
0.0188832916
0.0399517603
0.0112952655
0.0025796562
0.0004335575
0.0486337990
0.0151520530
0.0484846681
0.0093103210
0.1829318106
0.1109576076
0.0372088552
0.0057970360
0.2901312113
0.0251102261
0.1034475490
0.0082103340
0.0351887830
0.0137793105
0.0143931946
0.0232702810
0.0028907917
0.0385760926
0.0198161565
0.0111332312
0.0793218762
0.0152948163
0.0115073305
0.0049185040
0.0137727866
0.0105523858
0.0175156351
0.0058260635
0.1153506413
0.1429694593
0.0024879212
0.0271977112
0.0298544653
0.0020442351
0.0008266301
0.0492890328
0.0485404134
0.0056143501
0.0371491052
0.2109909803
0.0288052633
0.0729687363
0.0256699435
0.1037863716
0.0273433533
0.0151259257
0.0078586582
0.0116518857
0.0259776004
0.0103224609
0.0699137747
0.0817621499
0.0924573317
0.0088236490
0.0590687282
0.0002787489
0.0204502679
0.1761235446
0.0345228389
0.0002509886
0.0382972471
0.0005741305
0.2617588341
0.0046117296
0.0307128131
0.0006445512
0.0018150338
0.0365351848
0.0104271220
0.0182662159
0.0604540147
0.1138473898
0.2314368933
0.0037003639
0.0155849410
0.0166109353
0.0315875970
0.0308063664
0.0260493178
0.0141861830
0.0042734053
0.0545390286
0.1078891903
0.0010411752
0.0373521969
0.0018544791
0.0027351764
0.1251187027
0.0010174302
0.0596575737
0.0399130210
0.0224884842
0.0082530770
0.0035999664
0.0062041460
0.0077987462
0.0291974936
0.0066691628
0.0229753405
0.0006958466
0.0147755481
0.0204622410
0.0209299307
0.0371493623
0.0241507720
0.0173476469
0.0072384118
0.0388951078
0.0050414158
0.0639677122
0.0327947699
0.0333192870
0.0848715305
0.0017654466
0.0838126540
0.0122223152
0.0304291658
0.0044648517
0.0566457212
0.0012275921
0.0000905754
0.0926015973
0.0598236546
0.0025790941
0.0213380214
0.0631410033
0.0592413135
0.0286585353
0.0019158389
0.0655243620
0.0180613007
0.0105532864
0.0025482532
0.0070633804
0.0208609104
0.0051896116
0.0217907075
0.0639791563
0.1205476448
0.0402898937
0.1035362408
0.0055823284
0.0066035581
0.0354950652
0.0078893825
0.0376592614
0.0421984047
0.0119807525
0.0313903280
0.0051845531
0.0004946940
0.0240183398
0.0654136613
0.0049088327
0.0307691004
0.0290869251
0.0458772928
0.0237148181
0.0413838662
0.0144297089
0.0355996490
0.0026132725
0.0189312771
0.0082715079
0.0409503095
0.0218156260
0.0348535180
0.0599199980
0.0021908560
0.0087412465
0.0009733114
0.0627483055
0.0127125122
0.0030542137
0.0332810804
0.0466746539
0.0072553828
0.0287622586
0.0048702289
0.0330106206
0.0252276585
0.0003938892
0.0298537724
0.0115177808
0.0002229301
0.0136298658
0.0255679917
0.0241264179
0.0167247504
0.0102642272
0.1285718977
0.2635948360
0.0551604666
0.0446153507
0.0007155181
0.0103618037
0.0721382573
0.0116893789
0.0631135479
0.1523498297
0.0172726661
0.0527690277
0.0222057980
0.0098295175
0.0297990628
0.0089269998
0.0183319766
0.1996119171
0.0511624925
0.1006058455
0.0078765722
0.0192503091
0.0530537143
0.0148043884
0.0267758742
0.0201236587
0.0004963909
0.0014708779
0.0056797313
0.0941547677
0.0065860520
0.0045230458
0.0082978858
0.0185230877
0.0024864492
0.0048898701
0.0408232026
0.0101927333
0.0061112894
0.1254254431
0.0770498514
0.0582404137
0.0630271435
0.0230083223
0.0011413096
0.1232920811
0.0061144647
0.0006626784
0.0223365668
0.0296144970
0.0009649185
0.0386576876
0.0001786152
0.0197488070
0.0087506967
0.0007272165
0.0080275917
0.0343719721
0.2359693944
0.0377401523
0.0081432210
0.0267349891
0.0000728513
0.0186094698
0.0360746458
0.0692139715
0.0626468360
0.0426754653
0.0861933678
0.1614018232
0.0027191988
0.0111192977
0.0047832350
0.0078662988
0.0803450644
0.0982353985
0.0157957058
0.0078479284
0.0783557743
0.0532688536
0.0134294229
0.0541870333
0.0124277752
0.1239892393
0.0295771640
0.0239546262
0.0118658282
0.0687549934
0.0106593929
0.0079714051
0.2053200006
0.0154333245
0.1070567593
0.0160273816
0.0610908270
0.0129286051
0.0005247169
0.0387410857
0.0116219632
0.0686467662
0.0015585663
0.0003724940
0.0088280579
0.0024998079
0.0145410318
0.0791734681
0.0751642734
0.0011046086
0.0907112211
0.0072125392
0.0312758163
0.0106605897
0.0081167696
0.0047976365
0.0173326582
0.0514421463
0.1273253709
0.1210402995
0.0085371276
0.0030495569
0.0064382707
0.0103133125
0.2468405068
0.0816287100
0.0705791563
0.0087961545
0.0027738132
0.0001373631
0.0183653273
0.0010073603
0.0116019705
0.0088280700
0.0231908429
0.0396194831
0.0217454303
0.0145832514
0.0386856869
0.0334282853
0.0521258600
0.0181779582
0.0001534516
0.0081497747
0.0011733142
0.0578915589
0.0242623445
0.0121116890
0.0123164728
0.0092814649
0.0619035624
0.0400857516
0.0133871231
0.0500043631
0.0800574869
0.0028832720
0.0284605678
0.0030972091
0.0155194793
0.0005703057
0.0102454489
0.0413571373
0.0082911979
0.0009494481
0.0278567597
0.0283707157
0.0103166224
0.0000087999
0.0476026908
0.0003176129
0.0195518006
0.0380312726
0.0007215026
0.0867510140
0.0140883839
0.0282451659
0.0108765606
0.0092296721
0.0177478157
0.0042935577
0.0639026538
0.0116178934
0.0153426398
0.0043144748
0.0310500618
0.0047947392
0.0924617574
0.0267150775
0.0624753870
0.0136708245
0.1723531336
0.0081255315
0.1843811870
0.0110109271
0.0524318665
0.0007354151
0.0127943316
0.0314396918
0.0025053537
0.0218639392
0.1018347070
0.0062604765
0.0162541363
0.0036874097
0.0078626787
0.0073692533
0.0674068183
0.0025279243
0.0005558215
0.1830125749
0.2301471084
0.0088431742
0.0292961169
0.0771696568
0.1162653044
0.0023783692
0.0010623590
0.1496835202
0.0011165002
0.1115335971
0.0032149956
0.0021825980
0.0154032558
0.0399241596
0.1017577350
0.0360037796
0.0108404281
0.0341906697
0.0263293386
0.0432465523
0.0592019819
0.0249778070
0.0021691623
0.0705661476
0.0764767751
0.0080857249
0.0192620791
0.0607917495
0.0344015174
0.1248717755
0.0099513754
0.0053280690
0.0067180237
0.0889156535
0.0433577299
0.0491232723
0.0100746714
0.0044632815
0.0505068377
0.0012788306
0.1145083010
0.0059760208
0.0011320533
0.0070453407
0.0318691246
0.0056861518
0.0168011505
0.0112269893
0.0039040556
0.0155535974
0.0276751202
0.0019165494
0.0018100018
0.0134968413
0.0134654054
0.0329553671
0.0039425781
0.0487806909
0.0015179623
0.0134259742
0.0406753123
0.0138350977
0.0429448113
0.0844040290
0.0062593673
0.0014472288
0.0125364168
0.0133885210
0.0002467285
0.2954820991
0.0270259660
0.1079971865
0.0288396180
0.2203910798
0.0053882794
0.0043774457
0.1335331351
0.0136640053
0.0003488507
0.0374209583
0.0004582854
0.0168015286
0.0068490659
0.0486066863
0.0100462725
0.0184143651
0.0045642653
0.0243596155
0.0647194535
0.0243620686
0.0355542786
0.0204227865
0.0045599560
0.0083159236
0.0525587350
0.0293829907
0.0119513702
0.0637139156
0.0611867197
0.0077528330
0.0118299313
0.0014675572
0.0188668929
0.0016083263
0.1164865941
0.0201307014
0.0188712627
0.0051319585
0.0103267971
0.0008506483
0.1463223696
0.0172624961
0.0127418227
0.0069059767
0.0223453250
0.0964991599
0.0440715626
0.0144416550
0.0105442042
0.0130761927
0.0620555319
0.0189098399
0.0449557230
0.1154195517
0.0190810207
0.0132823652
0.0226012748
0.0297187883
0.2152941674
0.0098209260
0.0010690474
0.0099756503
0.0092368172
0.0811114609
0.0663472563
0.0080368929
0.0000004791
0.0607997365
0.0166414194
0.0309264529
0.0023743517
0.0046806340
0.0184272807
0.0203430839
0.0482383706
0.0123343980
0.0072109103
0.0181582924
0.0616193786
0.0056087147
0.0197038744
0.0754298046
0.0079339659
0.1333618760
0.0341384932
0.0514569320
0.0121132173
0.0432124846
0.0116198594
0.0679955184
0.0177195761
0.0311773028
0.0851057097
0.0421392582
0.0097101824
0.0120330593
0.0044115498
0.0003769536
0.0495495312
0.0161990188
0.0723170191
0.0119557455
0.1544769555
0.0740297660
0.0341784917
0.0217709895
0.0697106868
0.0095141046
0.0114383735
0.0147559587
0.0034514051
0.0521743968
0.0043869726
0.1799496114
0.0098833544
0.0391428918
0.0031750498
0.1826257110
0.0152538838
0.0319607668
0.0055646449
0.0171844140
0.0186264515
0.0019521827
0.0343249179
0.0359634794
0.0697662234
0.0102292243
0.0410857238
0.0011821144
0.0200904757
0.0736665428
0.0792469382
0.0273420885
0.0286287162
0.0280401781
0.0637486950
0.0031755148
0.0065142424
0.0196869988
0.0234136693
0.0084975436
0.1041114107
0.0076086125
0.0259805508
0.0125965569
0.0025589422
0.0171667300
0.2382180393
0.0536711030
0.0745299682
0.0024948509
0.0055124676
0.0485683903
0.0023501429
0.0225144234
0.0041084662
0.0524838977
0.0446195453
0.0018203087
0.0351841450
0.0660282522
0.0041286629
0.1134744063
0.0067189271
0.0152022233
0.0124247046
0.0053173704
0.0127040101
0.0008857256
0.0760317370
0.0274429414
0.0169809386
0.0491917618
0.0000418658
0.0506290942
0.0178637411
0.0085290670
0.0292485934
0.0637924373
0.0588444769
0.0011564719
0.0003250926
0.0821234509
0.0002741291
0.1310133487
0.0453436002
0.0261797700
0.0020963678
0.0000450850
0.0531627797
0.0199408140
0.0413417295
0.0055410312
0.0287387799
0.0957118422
0.0514920652
0.0322707109
0.0219300073
0.0202586409
0.0100436509
0.1065578014
0.0041409782
0.0029632528
0.0393295288
0.0050076437
0.0226224251
0.0094808266
0.0233741291
0.2941516340
0.0538788177
0.0110336374
0.0980018750
0.0118728178
0.0002353684
0.0555191860
0.0333755650
0.0008899036
0.0405712426
0.0004090846
0.0137738874
0.0155358659
0.0428879037
0.0761010721
0.0018759266
0.0186440311
0.1054486930
0.0091295661
0.0965771601
0.1241238564
0.0620081909
0.0141657256
0.0028568071
0.0869021639
0.1700716764
0.0053041056
0.0017938687
0.0005736101
0.0411325805
0.0479051322
0.0881468505
0.0061150622
0.0225163102
0.0174559746
0.0858683884
0.0125184087
0.0012728452
0.0029957783
0.0009500219
0.0132386964
0.0323086753
0.0594297573
0.0045333095
0.0350297093
0.0188384559
0.0070336917
0.0342205614
0.0022237708
0.0095685003
0.0994049311
0.0422139466
0.0041123582
0.0447340943
0.0300236642
0.0395813361
0.0352904573
0.0584854335
0.0110774245
0.0020262916
0.0373060331
0.0069012921
0.0236352831
0.0041213958
0.0104561225
0.0029090147
0.0012925349
0.0354296118
0.0501705594
0.0436985232
0.0630874857
0.0211225543
0.0009963741
0.0050770300
0.1280586123
0.0545206554
0.0012246654
0.1497105658
0.0531837642
0.0158911217
0.0213117599
0.0189880393
0.0154537717
0.0454710424
0.0076587214
0.0676684380
0.0225755144
0.1055128649
0.0078818575
0.0450556278
0.0371300504
0.0428207368
0.0278083812
0.0090953028
0.0138279768
0.0012980119
0.0224028267
0.0599854477
0.1453624219
0.1233890280
0.0123462956
0.0210096966
0.0324898176
0.0301258359
0.3086206913
0.0446031429
0.0033464197
0.1609437466
0.0053950786
0.0269047637
0.0194531865
0.0025900565
0.0160865784
0.0019420146
0.1801503599
0.0341102220
0.0005518949
0.0226556491
0.0770258605
0.0074297055
0.0306836590
0.0136958258
0.0512026213
0.0475239269
0.0454965830
0.0464665778
0.0084994724
0.0896502957
0.0346123986
0.0080667166
0.0138068777
0.0713889748
0.0020740407
0.0114111286
0.0021444592
0.0038541714
0.0279655643
0.0943536311
0.1578847766
0.0241789892
0.0267200805
0.0230466072
0.0064109857
0.1365477592
0.0150004951
0.0079194615
0.0269393455
0.0617735870
0.0006980021
0.0225930382
0.0494556874
0.0249186233
0.0575890765
0.0403763577
0.0551967509
0.0405745283
0.0054973895
0.0739673823
0.0015609115
0.0612144731
0.0452290550
0.0071056499
0.0043452280
0.0051454683
0.0463362597
0.1434665769
0.0854905322
0.0537708849
0.1137776077
0.0254116971
0.0289722569
0.0013921333
0.0012909914
0.1080666184
0.0308867060
0.0431369506
0.0009159357
0.1126232222
0.0696505830
0.0002451031
0.0723542869
0.0582924560
0.1206434891
0.2092145234
0.0035211155
0.0069941981
0.0150175905
0.0284152273
0.2090994418
0.0059192199
0.1237829626
0.0848416314
0.1923095882
0.0292574950
0.0178874731
0.0411106236
0.0073636118
0.0070249252
0.0515470318
0.0757083073
0.0004008015
0.0027815676
0.0061202399
0.0352407992
0.0009796050
0.0518686995
0.0051494390
0.0047028675
0.0014782139
0.0023139953
0.0502561554
0.0257944893
0.0471107587
0.0533177406
0.0190178361
0.0289463121
0.1550691277
0.0169186965
0.0004336127
0.0400879644
0.0642779768
0.0935947448
0.2126691341
0.1453301460
0.0059940708
0.1331961006
0.0139120892
0.0327450782
0.0011747474
0.0504030474
0.0862401351
0.0415471718
0.0329593718
0.0026682611
0.0397524871
0.0231742077
0.0307190903
0.0310140029
0.1285412759
0.0571730621
0.0393041633
0.0282507911
0.0293375161
0.1304468513
0.0041812412
0.0040690224
0.0028014944
0.0134435883
0.0329782628
0.0004339271
0.0940913558
0.1358339190
0.0428131633
0.0216840170
0.0143757937
0.1564321965
0.0023306787
0.0061862501
0.0971157476
0.0487673022
0.0654375851
0.0441461094
0.0269974116
0.0250149202
0.0369172953
0.0449043848
0.0018972576
0.0569256768
0.0087866308
0.0010918457
0.0045644497
0.0013691187
0.0212072041
0.0695704147
0.0012053681
0.0276589636
0.0375856198
0.0632958561
0.0352757610
0.0035485514
0.0084861619
0.0217116401
0.0572322831
0.0000912637
0.0807602257
0.1033667624
0.0068434733
0.0246199798
0.0171855018
0.1114258915
0.0035162002
0.1663165092
0.0023114649
0.0190316848
0.0242842380
0.0777533799
0.1783670336
0.0645231381
0.0155388275
0.0091205854
0.0078138253
0.1751910895
0.0517286360
0.0308057945
0.0442977585
0.0395926386
0.0013656912
0.0520081483
0.0012571333
0.1501284838
0.0081002973
0.0275514759
0.0395682529
0.0034050466
0.0653411150
0.0137785794
0.0308831800
0.0019123309
0.0015541894
0.0026731039
0.0154245812
0.0009050024
0.0061576096
0.0170549471
0.0099209556
0.0147674913
0.0401675738
0.0193250179
0.0049538398
0.0127385417
0.0014865098
0.0120425588
0.0957379937
0.0484650433
0.0048279506
0.0688267499
0.0625729486
0.0603864044
0.0009428266
0.0002771169
0.0154250879
0.1113351956
0.0207383186
0.0585459881
0.0034319337
0.0000212324
0.0000001060
0.0056769229
0.0004541408
0.0079991221
0.0136121456
0.0117833335
0.0023314652
0.0222954601
0.0237053130
0.1038983911
0.0483773574
0.0038464153
0.0376276784
0.0516228750
0.0809384063
0.0420063101
0.0021487908
0.0096802311
0.0583497398
0.0343871303
0.0505778566
0.0065461514
0.0006454275
0.0554583557
0.0094191050
0.1083844975
0.0425237529
0.0288489778
0.0013909964
0.0015971374
0.0465962999
0.0051739025
0.0491614416
0.0938337222
0.0846014991
0.0587330461
0.0020652018
0.0117016640
0.1606541276
0.0546137020
0.0038533257
0.0180917531
0.0074870633
0.0839631557
0.0078954687
0.0475894697
0.0190579444
0.0249989517
0.0536711849
0.0350748375
0.0017626438
0.0108748721
0.0231035464
0.0006411869
0.0318795703
0.0008174723
0.0075438782
0.0210789312
0.0010495262
0.0017502635
0.0032751951
0.0042225295
0.0028116114
0.0623962954
0.0273566116
0.0019619958
0.0299120676
0.0433620065
0.0506133400
0.0335526615
0.0029181493
0.0617533028
0.0013286390
0.0031179846
0.0668401271
0.0381534435
0.0461211242
0.0152212651
0.0279880855
0.0031378025
0.0409627855
0.0753650367
0.0260332786
0.0381436720
0.0791207924
0.0625275820
0.0629713014
0.0007807089
0.0006091601
0.0701166764
0.0447278805
0.0583249517
0.0275459196
0.0109029813
0.0252551194
0.0228776596
0.0013161885
0.0444551557
0.1050060987
0.0682742596
0.0310384370
0.1158704385
0.0496323816
0.0033985628
0.0011536618
0.0006576292
0.0856139511
0.0169647243
0.0178437810
0.0138857458
0.0012029232
0.0759027824
0.0001432992
0.0743225589
0.1085413620
0.0676782355
0.0108418800
0.0768083036
0.0150281386
0.0298255999
0.0026259855
0.0023354837
0.0994819403
0.0000133272
0.0173517130
0.0021454275
0.0036678028
0.0020803825
0.0487034731
0.0133806197
0.0122411372
0.0731107965
0.0155726718
0.0003552723
0.0044993982
0.0236907955
0.0000843334
0.0560704581
0.0331553109
0.0008440437
0.0008292170
0.0416394360
0.0140750241
0.0239640996
0.0623328015
0.0466640480
0.0224989485
0.0669811368
0.0232583545
0.0235728119
0.0760723352
0.1366552263
0.0014678298
0.0896452591
0.0001998301
0.1558820605
0.0634940863
0.0985951424
0.1280909181
0.0316672027
0.0072228173
0.0064592320
0.0085939681
0.0492136218
0.0013094329
0.0626048148
0.0002132803
0.0010837116
0.0004907505
0.0219752677
0.0519259125
0.0101631414
0.0393110402
0.0008539314
0.0044625401
0.0237370059
0.0331558473
0.0017216901
0.0198796280
0.0047566807
0.0317106396
0.0347820520
0.0047017201
0.0012654345
0.0005995056
0.0033502071
0.0525182895
0.0089060916
0.0492485948
0.0002816855
0.0124177374
0.0112160901
0.0086612254
0.0222008619
0.0071400371
0.1266717762
0.0387354940
0.0402472429
0.0602389202
0.1211248338
0.0699206591
0.0000317282
0.0201419927
0.0025693339
0.0266918186
0.0436335057
0.0016841078
0.0010960909
0.0269912686
0.0579964556
0.0553526618
0.0103553114
0.0047066142
0.0296205059
0.0407580882
0.0567850359
0.0023107533
0.1360313743
0.0130930152
0.0425343774
0.0045884899
0.0264693927
0.0089051528
0.0978002101
0.0686271340
0.0017117717
0.0009717650
0.0051173228
0.0572190844
0.0369458050
0.0132356016
0.0907919928
0.0396202654
0.0042695091
0.0013576210
0.0574449934
0.0154974926
0.0164559465
0.0423417874
0.0280945860
0.0014320408
0.0084105153
0.0678234324
0.0292453375
0.0494118929
0.0192667171
0.0156074604
0.0017911694
0.0163650103
0.0006854796
0.0663148463
0.0165135879
0.0542293899
0.0018987618
0.0979408026
0.0553677492
0.0823402107
0.0358438045
0.0026724595
0.0040328782
0.0021028996
0.0298478846
0.0928438455
0.0305346362
0.0627196282
0.0052961367
0.0109884711
0.0098036444
0.1269222498
0.0022607301
0.0062919380
0.0019060123
0.0351625085
0.0025911322
0.0046913470
0.0036651550
0.0276225340
0.1009366140
0.0012706484
0.0308358204
0.1113496646
0.0134116886
0.0267171804
0.0003619033
0.1416873038
0.0469280444
0.0188575312
0.0081058433
0.0111162513
0.0001477436
0.0028367091
0.0479468927
0.1317311674
0.0100468425
0.0303041022
0.0204646401
0.0273322817
0.0076364377
0.0047493898
0.0171096064
0.1079928577
0.0016753352
0.0025310512
0.0461551696
0.0020549793
0.0091666598
0.0029902377
0.0059204516
0.0945224389
0.0717557669
0.0360319093
0.0009465479
0.0032764189
0.1823064536
0.0438052155
0.0014673510
0.0459710285
0.0098009286
0.0735417828
0.0011023743
0.1658873409
0.3017694056
0.0192364678
0.0001884748
0.0839805230
0.0118130473
0.0031200084
0.0067979540
0.0777372718
0.0108570075
0.0046322965
0.0305476226
0.0753529146
0.0178225599
0.0068340483
0.0271953642
0.0248715319
0.0082849665
0.0443033241
0.0193264093
0.0002854812
0.2524094582
0.0007284426
0.0040047509
0.0176910479
0.0014090200
0.0132905981
0.0013047613
0.0419852175
0.0530225784
0.0010806996
0.0376841724
0.0338887572
0.0139223719
0.0008071840
0.0876622200
0.0039774915
0.0949587226
0.0003613710
0.0198458359
0.0036717623
0.0720229223
0.0093161939
0.0135534322
0.0028534837
0.0711389259
0.0049720518
0.0176314507
0.0044719852
0.0165419560
0.0032754552
0.0092139002
0.0432033166
0.0212475546
0.0020912229
0.0148013709
0.0422682650
0.0177467111
0.0778727904
0.0327593572
0.0024583437
0.1054539531
0.1783671826
0.0192978550
0.0089357877
0.0579658374
0.0123189269
0.0652104095
0.0310957525
0.0813817307
0.0065654465
0.0045132171
0.0061051617
0.0070921662
0.0451446027
0.0003285617
0.0366629027
0.0001107004
0.0075211027
0.0264179688
0.0022931427
0.0053338190
0.0255433004
0.0184753221
0.0022385612
0.0013174842
0.0010041982
0.0012751621
0.0128774447
0.0089160632
0.0752714723
0.0915625468
0.0091975816
0.0463138185
0.0049958187
0.1000976488
0.0523336567
0.1693023294
0.0112861963
0.0009168360
0.0265170597
0.0094400560
0.0279871002
0.0483206436
0.0641082078
0.0114524430
0.0492689647
0.1085912064
0.0154017275
0.0116935158
0.0372589566
0.0132743241
0.0001337569
0.0949477628
0.0020226373
0.0068999548
0.0035362523
0.0460873917
0.0787658319
0.0223767534
0.0290115140
0.0083570229
0.0838146880
0.0431158468
0.0439571999
0.0849725679
0.0090400102
0.0005097174
0.0088901911
0.0163922813
0.0011157453
0.0520144366
0.0840523914
0.0036289629
0.2158255726
0.0074862763
0.0239950232
0.0411362611
0.0196627639
0.0697829500
0.0099124629
0.2442696542
0.0139461663
0.0513216667
0.0307187308
0.0030516840
0.0227530412
0.0152373193
0.0027780978
0.1297649443
0.0187179931
0.0011731330
0.0083657373
0.0415244848
0.0385674089
0.1937255561
0.0454340428
0.0280741435
0.0014453749
0.0723045468
0.0045461203
0.0223716740
0.0338865556
0.0116856322
0.0256315470
0.0634083748
0.0007551789
0.0242723823
0.0042957622
0.0369769745
0.1232476681
0.0058394182
0.0012353320
0.0002795817
0.0110857273
0.0273543335
0.0025876653
0.0882538930
0.0299545452
0.0103968866
0.0245016459
0.0356526151
0.0234731641
0.0426251777
0.0020796708
0.0068555041
0.2866894305
0.0250001606
0.0403071567
0.0002678544
0.0784146786
0.0266272575
0.0534061491
0.0300226510
0.0706572682
0.0792810768
0.0644026399
0.0400418676
0.0043238029
0.0567653738
0.0475249216
0.0651299655
0.0035146736
0.0212987140
0.0477910973
0.0050792755
0.0020984425
0.0222783480
0.0076982649
0.0070601334
0.0242651161
0.0265607871
0.0086140819
0.0212659575
0.0232348740
0.0055016219
0.0068155709
0.0064070201
0.0443456955
0.0009251341
0.0244656131
0.0516787283
0.0147948153
0.0257230494
0.0307445228
0.0014764933
0.0005616086
0.0427973978
0.0010688697
0.0018142617
0.0007812938
0.0064894352
0.0062193740
0.0306990314
0.0757802278
0.0222493988
0.0348425806
0.0144232474
0.0132139772
0.0006298562
0.0259537362
0.0009605323
0.0057224790
0.0165120941
0.0180671532
0.0043775686
0.0954938307
0.0658265650
0.0246291813
0.0144054648
0.0754887462
0.0015902423
0.0044794595
0.0324218832
0.0437204726
0.2464701682
0.0023575872
0.0771324411
0.0584820211
0.0652849078
0.0321870074
0.0162319802
0.0258001406
0.0355005264
0.0670497939
0.2262404412
0.0023681598
0.0013337479
0.0183952656
0.0202380288
0.0379883461
0.0635362193
0.0260323510
0.0437393300
0.0038848990
0.0118565336
0.0213240962
0.0371150337
0.0462000221
0.0224128831
0.0173779428
0.0234035570
0.0002243900
0.0063372250
0.0495785475
0.0037543774
0.0005836647
0.0003479649
0.0007600490
0.0445606411
0.0014792657
0.0151056014
0.0167441219
0.0541437194
0.0104000811
0.0149352187
0.0660912171
0.0345745236
0.0383886136
0.0087479055
0.0017106223
0.0030172062
0.0570846200
0.1587163359
0.0675505027
0.0074796751
0.0169903412
0.0300428960
0.0021209004
0.0085744811
0.0005143243
0.0213871785
0.1252239347
0.0712952465
0.0045102849
0.0012658457
0.0010921473
0.0024241749
0.0436476097
0.0612070486
0.0035213183
0.1450549662
0.0074167056
0.0298528336
0.0032076491
0.0927212834
0.0058760503
0.0232753064
0.0143325971
0.0015663474
0.0451175123
0.0002367917
0.0280353483
0.0054967529
0.0294804499
0.0071781254
0.0122988811
0.0255090240
0.0533139817
0.0070953765
0.0005425042
0.0016523870
0.0267744195
0.0847480297
0.0074650939
0.0032270779
0.0137452232
0.0015578186
0.0062946640
0.0089587467
0.0175598059
0.0258156415
0.0004740330
0.0147491721
0.0280152578
0.1362378001
0.0001619984
0.0037844346
0.0015315784
0.0375148579
0.0276530404
0.0127639519
0.0369799212
0.1211500838
0.0030195408
0.0362823792
0.0182290394
0.0331903100
0.0033540893
0.0528915636
0.0086845402
0.0271139573
0.0896259770
0.0844619647
0.0024276136
0.0388034284
0.0470175445
0.0004269842
0.0021621985
0.0172494687
0.0120291999
0.0088719083
0.0377812982
0.0146713248
0.0628434792
0.0075068213
0.0054119895
0.0067399023
0.0081857685
0.1101458445
0.0005618993
0.0118176192
0.0342972577
0.0303501450
0.0090494342
0.0012185078
0.0244315397
0.0089047784
0.1036302522
0.0329435058
0.0256805401
0.0231974553
0.0750703439
0.0359584279
0.0000985816
0.0104017099
0.0109509639
0.0219091922
0.0934172645
0.0818619952
0.0431312732
0.0006344574
0.0287861452
0.0095342034
0.0085906126
0.0454658940
0.0400125235
0.0512139648
0.0264636856
0.0303091761
0.0087908180
0.0008015102
0.0036346256
0.0106757032
0.0257584415
0.0038718120
0.0470379554
0.0099264737
0.0258017518
0.0175693594
0.0220219158
0.0219286662
0.0266260598
0.0648604780
0.0032467365
0.0001789979
0.0272044297
0.0151234036
0.0804670602
0.0258244425
0.0379127599
0.0070053814
0.0069185295
0.0046552736
0.0204410926
0.0061390549
0.0742003471
0.0801464990
0.0046425308
0.0069748838
0.0940408334
0.0033032668
0.0430491641
0.0482648797
0.0335161276
0.0837924257
0.0007230681
0.0096635250
0.0141366487
0.0587765574
0.0020419951
0.0458665565
0.0936350822
0.0007906217
0.0336895175
0.0066217664
0.0379376151
0.0530925244
0.0000284912
0.1256943047
0.0473596416
0.1743198931
0.0375595689
0.0711698905
0.0147598116
0.0046436023
0.0025890023
0.0040778415
0.0171055738
0.0375064276
0.0293473303
0.0161299892
0.0906469077
0.0022290947
0.0305376947
0.0439093485
0.0710557252
0.0510045886
0.0947047845
0.0117802015
0.0213259757
0.0551252216
0.0647451058
0.0110053467
0.1245694757
0.0310069826
0.0054737371
0.1345701814
0.0090189502
0.0165028200
0.0509195253
0.1133678779
0.0654299781
0.1100539044
0.0072459891
0.0215932652
0.0009913316
0.0382737890
0.0087527325
0.0306401700
0.0132766366
0.0097200824
0.0034793401
0.0440300815
0.0387482345
0.0066994317
0.0262135752
0.0112632867
0.0765775740
0.0087196603
0.0400876142
0.0343403108
0.0103874365
0.0825403109
0.0670565292
0.0253608264
0.5044651031
0.0022957318
0.0043424726
0.1038611010
0.0090537360
0.0487209409
0.1459681243
0.0123330504
0.0019307007
0.0001512379
0.0070176143
0.0218981374
0.0664487407
0.0678250566
0.0585991815
0.0046110032
0.0458664931
0.0336563140
0.0028340518
0.0407074541
0.0107748099
0.0282459557
0.0017755056
0.0716708079
0.0414207503
0.0175757054
0.0354297496
0.0154244071
0.0029761870
0.0461408570
0.0004686742
0.0472100303
0.0524004921
0.0204752907
0.0557779521
0.0042335349
0.0060979668
0.0146064498
0.1124668494
0.0432965569
0.0096910661
0.0180573855
0.0404007323
0.0027736388
0.0157445632
0.0468073897
0.0049322341
0.0004741652
0.0076996353
0.0049738800
0.0340719000
0.0004038125
0.0164055955
0.0654933676
0.0260796025
0.0056651761
0.0003693406
0.0001171463
0.0067360187
0.0050009149
0.0044561340
0.0024220990
0.0067829513
0.0176985487
0.0944030732
0.0088037373
0.0191203468
0.0022652112
0.0558445305
0.0095052887
0.0091034975
0.0036459814
0.1186175719
0.0042885584
0.1137031466
0.0248477887
0.0446697995
0.0077031846
0.0001506948
0.0332949758
0.0120018423
0.0581397824
0.0038813557
0.0047687613
0.1008501500
0.0424712822
0.0125853224
0.0064341719
0.0450482480
0.0637677163
0.0029835110
0.0296695828
0.0101383664
0.0196926948
0.0076346816
0.0357704200
0.0216067974
0.0027996169
0.0454070233
0.0118229985
0.0061776922
0.1591355503
0.0011217790
0.0174301825
0.0588584617
0.0280235745
0.0391857699
0.0856363103
0.0026002466
0.0112387305
0.0004494793
0.0079188775
0.0981673673
0.0078617781
0.0247715581
0.1144730598
0.0000902218
0.0111896051
0.0347170830
0.0042858287
0.0117692035
0.1316778213
0.0035111811
0.0086159473
0.0023585025
0.0234438349
0.0003911255
0.0103542954
0.0945231989
0.0982186273
0.0390758812
0.0459785461
0.0200396013
0.0253400672
0.0359514281
0.0297643971
0.0991485193
0.0274958350
0.0032178301
0.0600896403
0.0022358075
0.0037403605
0.0476563424
0.0029102420
0.0959107950
0.0772010908
0.0017005192
0.0037266570
0.0260413345
0.0027524279
0.0012610892
0.0677467138
0.0004346125
0.0023634827
0.0384376794
0.0138314944
0.0519371852
0.0426644608
0.0159904230
0.0200458765
0.0327477381
0.0301089752
0.0121837296
0.0330425389
0.0037538600
0.0502456427
0.0021206944
0.0642489940
0.0226849671
0.0248085540
0.0209157765
0.0016664166
0.0284104999
0.0563220493
0.0301631000
0.1376740038
0.0045995796
0.0012243300
0.0030936881
0.0039645010
0.0124318972
0.0002226822
0.0316852517
0.0006904247
0.0296219923
0.0019860845
0.0003000039
0.1010851562
0.0764648244
0.0392719805
0.0042065899
0.0218158178
0.0187465847
0.0521546192
0.0633634999
0.0020190717
0.0577242300
0.0997539312
0.0349178165
0.0587723330
0.0012725887
0.0112388730
0.0049188123
0.0069308034
0.0544373989
0.0458766669
0.0280169584
0.0784036592
0.0872102529
0.0504839718
0.0150693934
0.0104723172
0.0327826999
0.0074460567
0.0114760967
0.0023355414
0.0123838140
0.0261026267
0.1356573254
0.0057592471
0.0004458844
0.0389491022
0.0033203806
0.0008569880
0.0888064057
0.0159833208
0.0150637319
0.0072019417
0.0061877742
0.0110530304
0.0061706295
0.0211919565
0.0203594565
0.0126248775
0.0024989389
0.0405509509
0.0287153423
0.0301515330
0.0391053297
0.0560139157
0.2190379351
0.0181933753
0.0016210953
0.0006327641
0.1398739517
0.0512616001
0.0261544362
0.0419758968
0.0149772353
0.0710405186
0.0162153114
0.0791341364
0.0104385233
0.0161550548
0.1102179736
0.0059434357
0.0436998866
0.0426614136
0.0019683684
0.0058887647
0.0095980410
0.0121446522
0.0330839902
0.0344975851
0.0040145465
0.0399854891
0.0008330064
0.0174806565
0.0003895742
0.0906443000
0.0988062471
0.0792081505
0.0343922451
0.0151474793
0.0414198749
0.0176985487
0.0472391546
0.0006797445
0.0037732800
0.0052731209
0.1297846884
0.0037948831
0.0530442186
0.0869528055
0.0120577486
0.0054822401
0.0657935068
0.1296183318
0.0405236892
0.0007899944
0.0003291172
0.0050933678
0.0008127251
0.0020637529
0.0408566371
0.0662863255
0.0224333815
0.0182972550
0.0008807841
0.0006869049
0.0533319972
0.0390920080
0.0250420459
0.0023987165
0.0035403748
0.0043319752
0.0012576921
0.0521623194
0.0676986054
0.0554182939
0.0076859891
0.0127184018
0.1103708446
0.0225569494
0.0033150276
0.0567971841
0.0618583374
0.0007216141
0.0000421978
0.0288814101
0.0621322170
0.0353735089
0.0008056709
0.0067922063
0.0352022201
0.0055791684
0.0043535805
0.0010227843
0.0275296047
0.0408605672
0.0520324111
0.0107212961
0.0029037734
0.0484498292
0.0139816012
0.0582031570
0.0007267053
0.0394209921
0.0050743497
0.0065423660
0.0170486011
0.0355421528
0.0147093264
0.0061826096
0.0907859355
0.0012401302
0.0681150332
0.0185759459
0.0007843991
0.0326331370
0.0173893552
0.0321671031
0.0001049042
0.0005788063
0.0060966751
0.0222447831
0.0070195319
0.0027719114
0.0073039527
0.0156162912
0.0119322957
0.0160624310
0.0280980486
0.0221499391
0.0020167811
0.0014198823
0.0154924886
0.0700974166
0.0012383236
0.0807776377
0.0021982004
0.0302839242
0.0049848538
0.0345831253
0.0124541922
0.0504802540
0.0182294138
0.0422331803
0.0002521006
0.2902345657
0.0049187210
0.0005407471
0.0033008170
0.1103396937
0.0367165878
0.0023765832
0.0291706752
0.0633945912
0.0632051602
0.0733640119
0.0111076953
0.0121476101
0.0730994940
0.0187800769
0.0057016723
0.0104166381
0.1066532880
0.0665812343
0.1503177434
0.1390071958
0.0422443785
0.0196206942
0.0755715296
0.0386944301
0.0200692322
0.0745342895
0.0147910416
0.0108708637
0.0718038380
0.0524688698
0.0075029256
0.1143060476
0.0158403218
0.0369765908
0.0237314999
0.0205313805
0.0044728937
0.0001707840
0.0080935461
0.0193522647
0.0026439014
0.0755997002
0.0299797654
0.0012992709
0.0431043692
0.0343449861
0.0669948608
0.0352207571
0.0010001990
0.0015803071
0.0020367380
0.0261772275
0.0005980041
0.0402502790
0.0088762995
0.0401101671
0.0232570320
0.0901224166
0.0897153094
0.0118123349
0.0010406233
0.0001930305
0.0007960564
0.0413581468
0.0336215533
0.0179732535
0.0053389771
0.0090522049
0.0366323665
0.0041111396
0.0016728704
0.0005251479
0.0082279416
0.0345899910
0.0403673314
0.0063312375
0.0011923489
0.0508180074
0.0022278489
0.0161640476
0.0007222284
0.0013114129
0.0000943123
0.0013933417
0.0252679102
0.0799151212
0.0047263680
0.0013963479
0.0062192087
0.0282500330
0.0076896814
0.0205508247
0.0560490489
0.0082189692
0.0246148799
0.0600016974
0.0158142056
0.0071235094
0.0683237985
0.0006642713
0.0755309835
0.0016884730
0.0064293612
0.0228246562
0.0435923859
0.1537802815
0.0590670854
0.0362214036
0.0024400291
0.1037034765
0.0080127139
0.1036028638
0.0050286646
0.0089342929
0.0454158671
0.0007619257
0.0009773001
0.0121257035
0.0678335801
0.0165190715
0.0122901890
0.0419668928
0.0081828767
0.0131052947
0.0005596448
0.0066455877
0.0156130586
0.1746323407
0.0253923722
0.0052907532
0.0633558184
0.0456958674
0.1056059748
0.0022813624
0.0396337658
0.0554938018
0.0343679376
0.0220384970
0.0137251979
0.0403607674
0.0078993952
0.0001047400
0.0603377670
0.0499760732
0.0223494917
0.0428337790
0.0002970256
0.0003718543
0.0854419321
0.0474419780
0.0391278118
0.0086074015
0.0015980121
0.0339971595
0.0241154246
0.0411853865
0.0157804582
0.0050560795
0.0110426322
0.0044189300
0.0761508420
0.0422931649
0.0071838060
0.0109565491
0.0833652988
0.0729377791
0.0087558934
0.0043810885
0.0043142536
0.0029787421
0.0694499165
0.0001375460
0.0027455452
0.0565268621
0.0065766182
0.0105532920
0.0518828779
0.0468729548
0.0107677924
0.0119582471
0.1027545556
0.0649292693
0.0067512216
0.2064406425
0.0239540972
0.0472489819
0.0010838836
0.0045764591
0.0371913500
0.0236683022
0.0256140493
0.2580395639
0.0185664296
0.2235035896
0.1065337956
0.0390691608
0.0109804478
0.0377426371
0.1052641943
0.1554857343
0.0138684660
0.0153493984
0.0109904604
0.0260385107
0.0049673170
0.0029245673
0.0026027064
0.0295411702
0.0397981741
0.0095355501
0.0176342931
0.0011427038
0.0029841170
0.0262897406
0.0004623298
0.0169488285
0.0026443652
0.0143293301
0.0812699720
0.0024948071
0.0051602353
0.0011085697
0.0009787714
0.0384008586
0.0024000611
0.0218123384
0.0138180619
0.0397388041
0.0362304859
0.0523424074
0.0295939259
0.0095521919
0.0038368586
0.0446531549
0.0040985201
0.0457587577
0.0110378880
0.0296305474
0.0045892452
0.0014496275
0.0088594845
0.0041439384
0.0154567314
0.0078486111
0.0655629486
0.0435887612
0.0885315761
0.0698445514
0.0394512676
0.0038394202
0.0048079500
0.0121500483
0.0112900855
0.0001741483
0.0029379490
0.2433228791
0.0055761328
0.0441185646
0.0246702246
0.0469198227
0.0050283470
0.0126114804
0.0176039450
0.0113696819
0.0016011077
0.0064245313
0.0585345849
0.0688301101
0.0280039739
0.0302537885
0.0174237229
0.0016393438
0.0007978985
0.0064690220
0.0326908603
0.0344585590
0.0223315246
0.0438165404
0.0101622352
0.0616457798
0.0381387137
0.0158583429
0.0393290333
0.0178410839
0.0350304171
0.0791610032
0.0009826435
0.0023799164
0.0058481582
0.0201556906
0.0358724892
0.0111205345
0.0010699553
0.0301362183
0.0228968542
0.0120126689
0.0433247015
0.0147710359
0.0012149052
0.0134993885
0.0603224523
0.0459970199
0.0409094580
0.0006246462
0.0036998668
0.0005113013
0.0530367233
0.0146112060
0.0719236434
0.0009852879
0.0493138544
0.0023197213
0.0105341896
0.0002431790
0.0192513708
0.0024839067
0.0619622059
0.0022894081
0.0252180919
0.0012195749
0.0041926252
0.0186836030
0.0010256423
0.0142663214
0.0050166729
0.0001196636
0.0069646463
0.0146948211
0.0156522132
0.0133698834
0.1822966933
0.0172843747
0.0962570310
0.0412567072
0.0475197323
0.0045124800
0.0139557691
0.0076464061
0.0125107775
0.0063199080
0.0050573749
0.0059039616
0.0513510033
0.0098233605
0.0008337827
0.0433407500
0.0238833502
0.0593554787
0.0290333759
0.0023100092
0.0492201932
0.0224919338
0.0061397357
0.1278012097
0.0136880297
0.0126158884
0.0072115771
0.0105513353
0.1113274619
0.0034620776
0.0086752186
0.0506883748
0.1660354286
0.0056653507
0.0601763204
0.0307261478
0.0362134241
0.0004433275
0.0606881268
0.0559890606
0.0405074023
0.0008864630
0.0516311154
0.0122178821
0.1223622113
0.0040038074
0.0364918225
0.0103012780
0.0796998739
0.0633516461
0.0223771278
0.0227359775
0.0002107646
0.0134420386
0.0499627925
0.0057649426
0.0007078582
0.0104745505
0.0551979318
0.0033062571
0.1331075430
0.0146458214
0.0006267029
0.0077128345
0.0526623540
0.0062266663
0.0557194762
0.0425457284
0.0061333091
0.0176526979
0.0373649932
0.0606547073
0.0253868569
0.0152515071
0.0037989700
0.0069370582
0.0161820967
0.0360464677
0.0277484413
0.0047831987
0.0113681704
0.0376389809
0.0392017327
0.0696005151
0.0238688141
0.0024862601
0.0082533425
0.0003133964
0.0378440507
0.0533756316
0.0009449652
0.0201730337
0.0649784058
0.0838773996
0.0018220104
0.0010837421
0.0179101136
0.0002404940
0.0019731168
0.0000841909
0.0217869375
0.0575994253
0.0001220807
0.0027209320
0.0021276879
0.0022148201
0.0222026631
0.0493173860
0.0259726960
0.1066483855
0.0172882471
0.0180519912
0.0817660466
0.0058153206
0.0154163726
0.0299757645
0.0029851028
0.0386527441
0.0083345603
0.0044841529
0.0015016635
0.0399161950
0.0883769169
0.0153825209
0.0522459671
0.0065803360
0.0012148445
0.0013137389
0.0291945860
0.0239893589
0.0001353539
0.0381895415
0.0666082799
0.0039203633
0.0518174060
0.0289978571
0.0526212007
0.0051166606
0.0209861007
0.0024108619
0.0008365083
0.0073004100
0.0045850412
0.0439553857
0.0685465485
0.0163890123
0.0133875394
0.0074445731
0.0163966101
0.1679517925
0.0408339389
0.0040562195
0.0026744287
0.0070440769
0.0489794761
0.0625392497
0.0781361908
0.0120363189
0.0010352081
0.0117347306
0.0029994694
0.0408937819
0.0003066278
0.0020794156
0.1415004730
0.0308805276
0.0003752176
0.0478255600
0.0019439083
0.0025846630
0.0177398864
0.0832065642
0.0454229601
0.0447769277
0.0011082097
0.1065943316
0.0823310316
0.0430885702
0.0199400522
0.0059872274
0.0424621068
