0.0487338938
0.0444995165
0.0284371004
0.0461913869
0.0538381524
0.0017592828
0.0149804503
0.0520144254
0.0361334756
0.0396992676
0.0429547578
0.0428897813
0.0833366811
0.0137884961
0.0247355364
0.0337201878
0.0075129988
0.0092194043
0.0190567113
0.0266051535
0.1043392494
0.0579729229
0.0347418189
0.1620261967
0.0260768887
0.6720203161
0.0485820323
0.1503946036
0.0281218663
0.0194700472
0.0595992580
0.0595152117
0.0975292698
0.0271236133
0.0349169672
0.0592929274
0.0286245756
0.0005292136
0.0769173652
0.0416370742
0.0115377111
0.0004037335
0.0810838565
0.0410634577
0.0864607170
0.0193753820
0.0222252365
0.0476327240
0.0306672473
0.0497361720
0.1376035213
0.0545835979
0.0402346738
0.2022414058
0.0382000357
0.0457135364
0.0193954147
0.0095814429
0.0347323008
0.0808120966
0.0262683649
0.0242714733
0.0111929243
0.0367815606
0.0180350188
0.0297380090
0.0479815006
0.0130093358
0.0392775051
0.0386219956
0.0053633903
0.0194794629
0.0112041598
0.0339750089
0.0804453716
0.0261331890
0.0258672554
0.0409892239
0.0149146430
0.0197300967
0.0039302758
0.0292644650
0.0604948439
0.0074577066
0.0141684161
0.0454728268
0.0078147752
0.0294260234
0.0319523886
0.0190716591
0.0565215796
0.0129508479
0.0124173574
0.0326262303
0.0472699292
0.0470776111
0.0466248505
0.0733917281
0.0424385592
0.2095515877
0.0110128792
0.0433715060
0.0314062014
0.0774160177
0.0336558558
0.0537882596
0.0355203003
0.0252668932
0.0282199159
0.0309458058
0.0438455418
0.0716816857
0.0449982025
0.0181772001
0.0294476524
0.0071255029
0.0700504929
0.0507538877
0.0505923033
0.0043299515
0.0281543117
0.0336375162
0.1716003567
0.0366809554
0.0066956189
0.0369749144
0.0299778245
0.0173972119
0.0372680500
0.0151235471
0.0264953747
0.0193213169
0.0026947444
0.0171990767
0.0252465382
0.0237459075
0.0595812500
0.1375285685
0.1814832985
0.0237069968
0.0416117869
0.0249015838
0.0997614488
0.0712298378
0.0221278276
0.0125000663
0.0193673465
0.0124165267
0.0363833085
0.0043280176
0.0716031790
0.0682773739
0.1415322721
0.0167079009
0.4008675814
0.0521110408
0.0170753039
0.0319885276
0.2654034495
0.0278117154
0.0292961597
0.0442166887
0.0286516063
0.0447674617
0.0264505558
0.0297060125
0.0443290733
0.0000483048
0.0286004711
0.0520562120
0.3580970466
0.0597451292
0.0077198674
0.0042308923
0.0345895030
0.0519778207
0.0278870966
0.0610127710
0.0376466922
0.0187858958
0.0497300625
0.0141634075
0.0222559255
0.0540809110
0.0217456874
0.0287193544
0.0372011773
0.0368538573
0.0183400624
0.0443486720
0.0476631075
0.0185726751
0.0568373725
0.0511761345
0.0258688256
0.0130020520
0.0165309440
0.0525170490
0.0357844494
0.0192608573
0.0423189215
0.0604545660
0.0040788352
0.0510774702
0.0420877859
0.0705993101
0.0135890711
0.0400220416
0.0495533161
0.0758483037
0.0856367573
0.0316578075
0.0342658088
0.0153609039
0.0562000535
0.0277889669
0.0942869335
0.0397251807
0.0564466268
0.0803067014
0.0598628484
0.0596177615
0.0298660267
0.0546508506
0.0418432318
0.0586701669
0.0046666148
0.0108270505
0.0314304121
0.0340013653
0.0475505181
0.0410095863
0.0943312272
0.0721370131
0.0880330205
0.0461956337
0.0559764840
0.0278000236
0.0449261926
0.0001115922
0.0156104881
0.0363391601
0.0185671113
0.0487462543
0.0303892791
0.0366007723
0.0534767285
0.1029092595
0.0132838888
0.0131005896
0.0587689318
0.0606923141
0.0161413960
0.0313082673
0.0264714323
0.0260862820
0.0221567973
0.0405857153
0.0384216569
0.0445478372
0.0223078132
0.0655100495
0.0844341218
0.1772389114
0.0220308304
0.0368182994
0.0325972848
0.0077731404
0.0621503294
0.0244114865
0.2498949617
0.0235480759
0.0179571416
0.0760837421
0.0132337455
0.0359576195
0.0340509191
0.0049697612
0.0720449537
0.0328060277
0.0544545315
0.0362056382
0.0447323918
0.0203705765
0.0344482511
0.0746253431
0.0351251587
0.0013298879
0.0255410932
0.0688363910
0.0338822268
0.0344794504
0.0206268169
0.0268259104
0.0480640978
0.0479597114
0.0311308559
0.0184311401
0.0409979858
0.0225604624
0.0121735940
0.2194189578
0.0384930521
0.0647730455
0.0679437667
0.0180211663
0.0607657954
0.0612670630
0.0402815826
0.0961299539
0.0511676148
0.0046386062
0.0117745735
0.0214294847
0.1458735019
0.0387291200
0.0655264705
0.0249827933
0.0034766132
0.0416920520
0.0557276011
0.0025674223
0.0420555286
0.0172397643
0.0210469496
0.0064724740
0.0269531626
0.0063753887
0.0705968365
0.0335825495
0.0412887149
0.2451823503
0.0669264123
0.0937964320
0.0397211686
0.1384157389
0.0241444614
0.0545303114
0.0192266013
0.0433306508
0.0106314700
0.0240361914
0.0667541698
0.0303470921
0.0027951542
0.0036920283
0.0175433122
0.0312048588
0.0242425967
0.0046301689
0.0291689131
0.0027038557
0.0645945892
0.0409608893
0.0273144059
0.0691489503
0.0194088053
0.1461365968
0.0869052336
0.0421668328
0.0832050368
0.0311236884
0.0580186918
0.0726692230
0.0437338352
0.0225686226
0.0015164540
0.0621589497
0.0301048048
0.0370629802
0.0372548103
0.0265719648
0.0010672961
0.0333277993
0.5978317857
0.0974896550
0.0519726723
0.0155995311
0.0460727625
0.0577488430
0.1219830438
0.0661953390
0.0402873941
0.0117318053
0.0034932953
0.0550536774
0.0463025458
0.0091390396
0.1549850851
0.0368783548
0.0327120945
0.0791590884
0.0146080842
0.0006724721
0.0301165637
0.0518498383
0.0442780145
0.0240312833
0.0438719131
0.0252270065
0.0585376024
0.0306687225
0.0435857102
0.0196672678
0.0408348739
0.0775715336
0.0466242693
0.0024190939
0.0315888226
0.0560653210
0.1829246432
0.0625260025
0.0383533016
0.0377652682
0.1171487570
0.0369411185
0.0358434767
0.0688757524
0.0146082127
0.0045523504
0.0401889794
0.0297157262
0.0268315990
0.2356010675
0.0107188383
0.0337993056
0.0723743513
0.0467775725
0.0203149021
0.0340915397
0.0020563516
0.0498215631
0.0401139632
0.0323816501
0.0112894950
0.0578241199
0.0407636501
0.0299133807
0.0509779528
0.0519179776
0.0208915435
0.0372665711
0.1467276961
0.0476630814
0.0180902965
0.0250368975
0.0496482626
0.0424048044
0.0933053046
0.0167148896
0.0090642283
0.0438197255
0.0231701545
0.0081150727
0.2317575514
0.2269411683
0.0929118842
0.0941919386
0.0262582004
0.0318334438
0.0288106650
0.0139574101
0.0277095176
0.3415666521
0.0320817567
0.0196548253
0.0297704265
0.0225994531
0.1716327667
0.0611409433
0.0398776457
0.0284548718
0.0249856394
0.0549693443
0.0230638850
0.0320238136
0.0161058661
0.0925034434
0.0593715832
0.0302488878
0.0577758439
0.0377791673
0.0595840588
0.0017231462
0.0388771258
0.0614747331
0.0525579564
0.0273658205
0.0115304915
0.0165701006
0.0416761562
0.0235814955
0.0440598130
0.0185054727
0.0399008468
0.0449140258
0.0351240411
0.0000768652
0.0136299990
0.0820716321
0.0360355861
0.0095137553
0.0642533377
0.0196312256
0.0426825806
0.0334715284
0.0362764262
0.0160591379
0.0019013373
0.0187943839
0.0161521081
0.0358879715
0.0296685193
0.0719724000
0.0089225210
0.0337988399
0.2947483063
0.0421178415
0.0494210683
0.0327141993
0.0094734048
0.0323954187
0.0935885683
0.0183509421
0.0440729931
0.0313588642
0.0309764091
0.0256088078
0.0283555165
0.3812470436
0.0485168286
0.0443275757
0.0396485701
0.0458392911
0.0235318653
0.0502135344
0.0179946758
0.0185776204
0.0515240729
0.0143523812
0.0028543982
0.0344743915
0.0264241025
0.0203257725
0.0182321612
0.0517719723
0.0441538095
0.0317748860
0.0127570201
0.0039400398
0.0229059067
0.0570596084
0.1134140044
0.1238876358
0.0138466237
0.0256161336
0.0387817733
0.0497453883
0.0239831731
0.0194761753
0.0213589817
0.0418049917
0.0441370308
0.0275190976
0.0306805819
0.0695348606
0.0267896634
0.0736520737
0.0844374225
0.0294761285
0.0307771061
0.0223402418
0.0352442786
0.0186469667
0.0248982944
0.0507422723
0.0222336166
0.0585170276
0.0361650661
0.0922774673
0.0000985065
0.0384954363
0.0328495726
0.0112993456
0.0250323694
0.0365835503
0.0422389545
0.0571910515
0.0491267927
0.0573477335
0.0761886612
0.0056427247
0.0312313512
0.1122726128
0.0200670939
0.0928188488
0.0317648761
0.0381324142
0.0336308964
0.0088733388
0.0368541107
0.0365953483
0.0227019992
0.0183782689
0.0103827082
0.0255264342
0.0194858853
0.0349646620
0.0222205687
0.0617875494
0.0411752872
0.0368513055
0.0106035694
0.0377933905
0.0632330403
0.0354523286
0.0059217345
0.0469295233
0.0406493433
0.0360160619
0.0315953344
0.0748354346
0.0525913648
0.1276238561
0.0685067996
0.0219278596
0.0196265820
0.0618630573
0.0257026199
0.0303732157
0.0903290436
0.0227956586
0.0456322506
0.0687498972
0.0435921811
0.0362280793
0.0413041413
0.0525621921
0.0668555647
0.0759836584
0.4657776654
0.0426773950
0.0719335973
0.0414077193
0.0330648646
0.0821093023
0.0031128295
0.0079591442
0.0493812189
0.0203855596
0.0486634448
0.0196825210
0.0527157001
0.0194461066
0.0830081627
0.1912384033
0.0414543040
0.0867799893
0.0493579246
0.0214268547
0.0645099059
0.0428565592
0.0434920713
0.0128228385
0.0336355157
0.0816169009
0.0843030810
0.0323453695
0.0418625548
0.0489280708
0.0910207778
0.0374659151
0.0556689277
0.0185511112
0.0723685324
0.0504850075
0.0726394877
0.0219324622
0.0462408438
0.0682758838
0.0407546386
0.0377000049
0.0377900042
0.0417866781
0.0507380031
0.0361239873
0.0222554151
0.0399835221
0.0124888411
0.0116194710
0.0239065439
0.0272675212
0.0136408573
0.0356652550
0.0399474613
0.0323835686
0.0469568819
0.0407264084
0.0541971885
0.0478353947
0.0810795352
0.0435399860
0.0520648919
0.0399753340
0.0276792198
0.0406003371
0.0329088680
0.0440814309
0.0249728076
0.0435317233
0.3970011473
0.0156251490
0.0387793928
0.0340879969
0.0294324402
0.0081417225
0.1356516331
0.0393437110
0.0058821645
0.0835645720
0.0177715644
0.0416084975
0.0294257794
0.0395697169
0.0162653793
0.0468944721
0.0050696409
0.0506729558
0.2500568032
0.0342404991
0.0366445445
0.1699162573
0.0458808430
0.0422243923
0.0216771737
0.0414159596
0.0436416566
0.0449147932
0.0045664217
0.0192743596
0.0017701531
0.0396584123
0.0208203290
0.0183486491
0.0294653662
0.0369957685
0.0381007642
0.3735245466
0.0212468505
0.0629263520
0.0568466298
0.0651166737
0.4423782527
0.0205324627
0.0430599302
0.0061885547
0.0299351849
0.1151902601
0.0347039513
0.1274406463
0.0536239222
0.0253086369
0.0473482534
0.0440128595
0.0332799144
0.0777301267
0.0361561328
0.0145657603
0.0152993556
0.0359657519
0.0283508636
0.0171458237
0.0093855951
0.0402165875
0.0289816018
0.0245483480
0.0330886543
0.0458401144
0.0205338765
0.0158151854
0.0219183285
0.0805085972
0.0294558015
0.2090357095
0.0318077505
0.0030277616
0.0650943071
0.0304024685
0.0237172619
0.0249456633
0.1558619887
0.0000168349
0.0711875707
0.0608672611
0.0080468245
0.0110335844
0.0858611465
0.0199003834
0.0057169255
0.0269174129
0.0257712826
0.0200599730
0.0335449316
0.0284277666
0.2517479658
0.0273881406
0.0195178892
0.0307198782
0.0421315506
0.0842091367
0.0317369588
0.0899774656
0.0008957433
0.0144317774
0.1204945073
0.0274141151
0.0384969711
0.0905092433
0.0496843494
0.0001904789
0.0129881622
0.0688686445
0.0644715577
0.0462730937
0.0491281264
0.0236701947
0.0310822241
0.0988846421
0.0124285081
0.0574446283
0.0580386519
0.0210660566
0.0609007664
0.0206605103
0.0029166315
0.0290403254
0.0269257482
0.0438336432
0.0478896238
0.1135955527
0.0472868010
0.1806690097
0.0066338787
0.0653989166
0.0350336246
0.0959448218
0.0510224663
0.0037409125
0.0505379029
0.0400203578
0.0282036569
0.0295734461
0.0370032676
0.0035006513
0.0032407611
0.0398275852
0.0222377218
0.0119934380
0.2133269459
0.0061434498
0.0121786054
0.0386136658
0.0470195860
0.0141216023
0.0242601596
0.0498186834
0.0250522178
0.0670259371
0.0034399508
0.0702475980
0.0337182879
0.0260978825
0.0579544418
0.0338292979
0.0052247304
0.0352556221
0.0353045538
0.0271945968
0.0391815044
0.0219402611
0.0289694555
0.0626858547
0.0240035057
0.0360272937
0.0126798535
0.0534870364
0.0279764589
0.0330169611
0.0269589406
0.0275687482
0.0044306596
0.0142213563
0.0080900323
0.0197186060
0.0360324718
0.0236248579
0.0754743665
0.0068906820
0.0346506350
0.0623510107
0.0301989969
0.1546007693
0.0361171886
0.0023913339
0.0482302271
0.0217346530
0.0347941890
0.0134252794
0.0372526385
0.0366065800
0.0343797356
0.0247679930
0.0967701897
0.0227892790
0.0046719802
0.0267633367
0.0185837187
0.0247966424
0.1131207049
0.0744070485
0.0110996831
0.0037221098
0.0172794927
0.0341120884
0.0063817776
0.0297864228
0.0905786231
0.0196259227
0.0165139120
0.0295254514
0.0141743319
0.0418665037
0.0900183767
0.0240434576
0.0655358583
0.0420308113
0.0258155987
0.0495448448
0.0370181128
0.0847973153
0.1069127768
0.0213323664
0.0182471909
0.0178788565
0.0405870415
0.0269740541
0.0806658119
0.0757919550
0.0245131776
0.0034106099
0.0882401168
0.0207376499
0.0195875634
0.0442120470
0.0487844944
0.0221191775
0.0526912287
0.0334767476
0.0245527439
0.0466691554
0.1130057946
0.0378823094
0.0407296941
0.0336971954
0.0235791113
0.0230895057
0.0483019724
0.0000182580
0.0318966806
0.0411482155
0.0190611761
0.0400342420
0.0373848341
0.1060241312
0.0170198511
0.0749654993
0.0391686559
0.0441284105
0.0455025248
0.0673783794
0.0994838700
0.0195480790
0.0488349497
0.1169384494
0.0420367345
0.1045151874
0.0606806390
0.0549886823
0.0229805242
0.0393758677
0.0312700272
0.0369552821
0.0156357717
0.0583736673
0.0383438505
0.1523117125
0.0040049050
0.0301864687
0.0429251790
0.0165038556
0.0798461512
0.0404888093
0.0391191803
0.0256622452
0.0385010988
0.0875437260
0.0546153411
0.1733750105
0.0744806007
0.0248215869
0.0291061215
0.0008317323
0.0250861309
0.0257236417
0.0829215422
0.0557848364
0.0422101244
0.0365201831
0.0305689424
0.0108899120
0.0034455163
0.0337681621
0.0793401599
0.0053646541
0.0387861282
0.0051919832
0.0479173921
0.0229461603
0.0446769409
0.0455970950
0.0056440518
0.1261930615
0.0041203001
0.0067206710
0.0444965139
0.0261079129
0.0317512564
0.0645921528
0.0162606258
0.0670373291
0.0109421564
0.0111354413
0.0490721017
0.0400574878
0.0237891227
0.0416913368
0.0276203621
0.0404757857
0.0360400602
0.0452437289
0.0362423770
0.0392376520
0.0412295274
0.0146342581
0.0711127520
0.0190623943
0.0333537832
0.0299743805
0.0151295345
0.0429595858
0.0188164543
0.0147720287
0.1088388637
0.0335188396
0.0371955931
0.0574609675
0.0539678782
0.0067196842
0.0097152684
0.0480194688
0.0256937891
0.0104872454
0.0413672701
0.0120588848
0.0168155935
0.0556366816
0.0818401873
0.0607897900
0.0431733243
0.0085359560
0.0613053925
0.0260733180
0.0643801093
0.0288332365
0.0394028500
0.1535518616
0.1065916792
0.0395922959
0.0381421223
0.0148393922
0.0209785327
0.1259460896
0.0479845628
0.6947482824
0.0037137733
0.0564319454
0.0319174677
0.0401187539
0.0083081536
0.0469860695
0.0650860146
0.0355463028
0.0006803254
0.0296901818
0.0444978923
0.0237054508
0.0343044102
0.0278002284
0.0398057774
0.0288722366
0.1174407974
0.0290334783
0.0333765149
0.0301232114
0.1028938740
0.0428955965
0.0312703550
0.0083576785
0.0383037478
0.0129584577
0.0248420350
0.0323427580
0.0392922051
0.1311083436
0.0175210852
0.0404943749
0.0173276458
0.0028281745
0.0290396828
0.0834666491
0.0238514915
0.0210886467
0.0240687132
0.0146536073
0.0367962345
0.0046255998
0.0412950218
0.0632718951
0.0326351225
0.0361218341
0.0943306535
0.0483069196
0.0507906526
0.2918296754
0.0096549802
0.0081255035
0.0230089985
0.0299690012
0.0723295808
0.1240058094
0.0372589640
0.0175584480
0.0063046482
0.0822262913
0.0525886901
0.0259732213
0.0363719836
0.0481660999
0.0761042088
0.0352294520
0.0965508595
0.1102255061
0.0438903794
0.0654684752
0.0649457052
0.0086690942
0.0357449241
0.0068676895
0.2282807529
0.0435524918
0.0452631041
0.0752242878
0.0647160485
0.0355791338
0.0010368025
0.0539770052
0.0929669589
0.3261504173
0.0423107073
0.0551373847
0.2128104419
0.0288564377
0.0456791967
0.0229852982
0.1439947784
0.0561925322
0.1220102683
0.0430716015
0.0359766781
0.0250970330
0.0686654076
0.0346517228
0.0845589861
0.0455969721
0.2255646884
0.0547545590
0.0434557274
0.0276964605
0.0184335522
0.1480510980
0.0544027276
0.0368623212
0.0265148822
0.0460663848
0.0302069243
0.0693287104
0.0723869354
0.0478575639
0.0324280262
0.0297096781
0.0152251385
0.0324170403
0.0304876175
0.0407932065
0.0051895678
0.0095396629
0.0316161327
0.1727780104
0.0454028882
0.0400867797
0.0296376701
0.0415090285
0.0046979799
0.0301303454
0.0927580148
0.0270152595
0.0634814799
0.0220092367
0.1095067188
0.0407746807
0.0537916422
0.0454965942
0.1812488884
0.1727864742
0.0632845908
0.0253780968
0.0551508255
0.0513055176
0.0429350808
0.0422580093
0.0763997287
0.0599149168
0.0399462022
0.0322613604
0.0250934921
0.0083871726
0.0491511002
0.0414436385
0.0195730031
0.0182045121
0.0431387313
0.0454684384
0.0116257966
0.0483588018
0.0206465237
0.0220952295
0.0380228385
0.0684293956
0.0414983407
0.0492526405
0.0426941961
0.0446968488
0.0174541343
0.0229985174
0.0110820169
0.1444966644
0.0064269518
0.0093605760
0.0971878543
0.0668750703
0.0052883700
0.0241951831
0.0503614657
0.0147677828
0.0013551939
0.0036435402
0.0707646757
0.0714115277
0.0259531923
0.0178338829
0.0254308470
0.0908640623
0.0200083163
0.0546528250
0.0108951982
0.4013055861
0.0312083028
0.0275133178
0.0483656004
0.0367197618
0.0136936186
0.0187049694
0.0320038311
0.0709643736
0.0240252391
0.0340120867
0.0009933970
0.0640338287
0.0354204550
0.2899369895
0.0505375639
0.0363983735
0.0445122086
0.0254818685
0.1503782421
0.0486899577
0.0268209428
0.0417673811
0.0272493605
0.0540805608
0.0251877662
0.0180427693
0.0826642737
0.0322854891
0.0183881130
0.0200280696
0.1864940971
0.0091189267
0.0265945774
0.0333573185
0.0413078107
0.0254337881
0.0776545331
0.0347296782
0.0239288751
0.0530549698
0.0196879469
0.0201705601
0.0376295336
0.0656124800
0.0023798947
0.0398193114
0.0119518433
0.0704102442
0.0361924097
0.0516801253
0.0626951903
0.0337154716
0.0633336753
0.0613497235
0.0326748900
0.0206369720
0.0397006311
0.0470437519
0.0433768108
0.2711948156
0.0330985822
0.0739427507
0.0713435933
0.0219136886
0.0119721983
0.0619078167
0.0083712842
0.0262988266
0.0563685969
0.2433982044
0.0923447907
0.0402298048
0.0355603322
0.0306606051
0.0290452354
0.0446150638
0.0502198972
0.0203817412
0.0708420649
0.0396281108
0.1114182621
0.0301465262
0.0107768979
0.0426171310
0.0085378867
0.0667451918
0.0699721500
0.0173580162
0.0554834828
0.0519477837
0.0266460069
0.0231295489
0.0225311406
0.0091376659
0.0389183499
0.0756193995
0.0498919003
0.0471356250
0.0495605022
0.0229507778
0.0841312855
0.0689129159
0.0237949491
0.0391762257
0.0372049361
0.0480442084
0.0142498873
0.0370434858
0.0052443142
0.0798181444
0.0696910396
0.0203088075
0.0029894158
0.6502309442
0.0178280529
0.0593233593
0.0301672369
0.0053153504
0.0250768401
0.0772341639
0.0484766103
0.0318071172
0.0596142225
0.0414011478
0.0290794782
0.0051489696
0.0504992716
0.0171722416
0.0240003895
0.0427802429
0.0050302274
0.0342634432
0.0001803311
0.0411991067
0.0277502425
0.0286348425
0.0063967952
0.0154044339
0.0243166927
0.0272967890
0.0391638093
0.0609201491
0.0061016176
0.0328028314
0.0441442840
0.0116302306
0.1120549962
0.0502543822
0.1080270484
0.0415740274
0.0318779238
0.0178872384
0.0232616402
0.0626785010
0.0990126580
0.0677707121
0.0231292062
0.0083491746
0.0313518792
0.0035090046
0.0334639736
0.0078631574
0.0910339728
0.0330330022
0.0237371661
0.0123791965
0.0031599023
0.0238499381
0.0335797183
0.0320858844
0.0201436393
0.0110118045
0.0424266309
0.0404331051
0.0659231693
0.0282427482
0.0590470545
0.0233419780
0.0101798195
0.0172246937
0.0502752215
0.0250050891
0.0230311044
0.0450412855
0.0362007432
0.0069789966
0.0807736740
0.0338710174
0.0178586971
0.0411266126
0.0177156832
0.0747211725
0.0303128585
0.0318935476
0.0532418787
0.7085229158
0.0328458846
0.0456269979
0.0482603535
0.0559522770
0.0096116308
0.2740151882
0.0452087969
0.0382758975
0.0427510478
0.0352847464
0.0220200773
0.0419198796
0.0301604960
0.0875177756
0.0190246385
0.0645737574
0.2875307798
0.0876004025
0.0577575080
0.0465935320
0.0915189683
0.0477952138
0.0340541564
0.0741978660
0.0346267186
0.0136351287
0.0276938621
0.0045224600
0.0549240820
0.0349786803
0.0243556648
0.1128715351
0.0073729833
0.0277717188
0.0344030038
0.0042029642
0.0199029129
0.0216112640
0.0507344194
0.0203394834
0.0417892188
0.2663208544
0.0380373783
0.0266720410
0.1380167007
0.0904957578
0.0414252467
0.0124687273
0.0221588500
0.0443233326
0.0142954541
0.0168898907
0.0681618452
0.0277288649
0.0280904789
0.0102972873
0.0255420320
0.0237168372
0.0492671691
0.0589638799
0.0504278727
0.0385063440
0.0474382900
0.0641926080
0.0470919646
0.0323600732
0.0188723169
0.0394288972
0.0249999948
0.0740142837
0.0205698758
0.0554627143
0.0385472365
0.0206724182
0.0044542328
0.0318372063
0.0941269472
0.0415122285
0.1279392242
0.0404398404
0.0155521361
0.0251979548
0.0306757390
0.0403576642
0.0435397476
0.0993040428
0.0402295031
0.0296413861
0.0509290658
0.0318617001
0.0328380093
0.0096341800
0.0000674757
0.0985488966
0.0190281775
0.0544333123
0.0183405653
0.0326278545
0.0436125621
0.0389573500
0.0384144709
0.0510189384
0.0637662709
0.0664181337
0.0554899424
0.0220711604
0.0239664372
0.0247071162
0.0114200450
0.0311860442
0.0292506926
0.0602009334
0.0556250364
0.0134327468
0.0184748359
0.0586755127
0.0032180899
0.0343713649
0.0404949896
0.0372120738
0.1137979552
0.1040552109
0.0054045976
0.0731039420
0.0192606729
0.0440485179
0.0101613812
0.0590284728
0.0515569970
0.0764657035
0.0354319662
0.0370643251
0.0404483825
0.0219523758
0.0476551801
0.0265929531
0.0386809334
0.0263267234
0.0274055284
0.0858571231
0.0226069428
0.1202793643
0.0429118276
0.0506290942
0.0073400321
0.0555157773
0.0476714931
0.0422395281
0.0421225876
0.0501951352
0.0272528231
0.0341278836
0.0106731048
0.0209318008
0.0092693837
0.0406157076
0.0241380725
0.0494709313
0.0220007133
0.0322240591
0.0180897955
0.2351038754
0.0455575623
0.0141974567
0.0615127943
0.0444235764
0.0322602578
0.0518988110
0.0139358360
0.0458626784
0.2841734588
0.0822680369
0.0207889490
0.0156357065
0.0052503096
0.0546082482
0.0301995818
0.0395917706
0.0537029840
0.0206763241
0.0313483886
0.0330693312
0.0379238166
0.0361655317
0.0434261598
0.0113731818
0.0496652424
0.0330714807
0.0438257493
0.0346399508
0.1942912191
0.0299301427
0.0196084715
0.0411853306
0.0171705503
0.0363999717
0.0339248329
0.0069052242
0.0215518288
0.0027378493
0.0497206226
0.0296625793
0.0397418998
0.0461238697
0.0030278652
0.0197977647
0.0011457317
0.0564538538
0.0111641726
0.0402092077
0.0385878943
0.0248206034
0.0384604596
0.0493636206
0.0140072815
0.0026578496
0.0439332575
0.0271551739
0.0267555770
0.0322548524
0.0158376526
0.0853645876
0.0325062983
0.0065794750
0.0673350096
0.0313244760
0.0558977164
0.0252631828
0.0266205166
0.0417931341
0.0006858994
0.0068916674
0.0284363888
0.0304765441
0.0386703685
0.0353722051
0.0773707181
0.0253157225
0.0416377410
0.0280008931
0.0302662384
0.0245833378
0.0274286382
0.0056505720
0.0014460048
0.1275858879
0.0177933611
0.0298047997
0.0335939005
0.0410447791
0.0107201329
0.0535396412
0.0256456789
0.3170115352
0.0923435092
0.0567971542
0.0557678975
0.0318730585
0.0189887956
0.0518092737
0.0584562719
0.0271149743
0.1167500243
0.0376819409
0.0165675133
0.0207703821
0.0821994767
0.0232083052
0.0556583889
0.1309751272
0.0815218091
0.0319716707
0.0395737812
0.0215948317
0.0120116398
0.0255352836
0.0514107980
0.1730430126
0.0038163499
0.0373343490
0.0776842684
0.0055118841
0.0612542741
0.0349313654
0.0099967336
0.0511125736
0.0325632282
0.0356513225
0.0227426421
0.0604961142
0.0473315530
0.0521214604
0.0432113297
0.0296515916
0.1167733893
0.0995904505
0.0779868141
0.0019671640
0.0344805643
0.0253020246
0.0168633871
0.0336198024
0.0300002731
0.0618038513
0.0843245983
0.0199955907
0.1204432622
0.0441480130
0.1395035237
0.0582188703
0.0521012954
0.0336601399
0.0018943081
0.0395205431
0.1703128368
0.0433922336
0.0362437069
0.0642245561
0.0114525305
0.0238323379
0.0436256491
0.0039427821
0.0278237443
0.0369226038
0.0041410844
0.0454105958
0.0292084757
0.0895392150
0.0042230710
0.0621351339
0.0543366075
0.0458464883
0.0554828756
0.0615339689
0.1279502064
0.0228616018
0.0542133003
0.0575722158
0.0265207887
0.0779133663
0.1619261652
0.0386620983
0.0250175335
0.0465084873
0.2032806426
0.0809261203
0.0079216240
0.0437919945
0.0143197710
0.0901117027
0.0069208727
0.0071256235
0.0230877418
0.0980326161
0.0224069469
0.0335149579
0.1257019192
0.0598403513
0.0326438956
0.0121348687
0.0195894092
0.0064673866
0.0316586718
0.0051251459
0.0530488417
0.0459373146
0.0146055920
0.0082092155
0.2299514264
0.0231440831
0.0276868828
0.0385858491
0.0252208859
0.0258850027
0.0662112460
0.0550542958
0.0119824121
0.0615075417
0.0721326917
0.0003284818
0.0315021649
0.0481562503
0.0586549975
0.0435962453
0.0392495319
0.0490414500
0.0662819147
0.0571865551
0.0573628433
0.2577314079
0.2574672401
0.0509585589
0.0320467390
0.0234273132
0.0946876928
0.1203090921
0.1043620780
0.0111570209
0.0706579015
0.0658607781
0.0852859318
0.0483556949
0.2139606923
0.0163910892
0.0270649157
0.0638995469
0.0897215307
0.2238081545
0.0500628538
0.2464490533
0.0257383641
0.0248456150
0.0224361010
0.0333146043
0.0685772896
0.0087205674
0.0283127818
0.0482285954
0.0197181944
0.0316003822
0.0609841421
0.0362414420
0.0197867360
0.0563083924
0.0392320603
0.0710424334
0.0269797724
0.0375130661
0.1067789719
0.0242503770
0.0312334131
0.0373855457
0.0375653468
0.1882711053
0.0245030783
0.0490335450
0.0264482424
0.0529066473
0.0312138535
0.0256360658
0.0432158522
0.0322573856
0.0073835477
0.2289115340
0.0302974470
0.0084731914
0.0339894406
0.0407475568
0.0600311160
0.0337899514
0.0305692889
0.0163916741
0.0136150904
0.0204358641
0.0275895987
0.0373638123
0.0839149579
0.0173747782
0.0295119006
0.0346523523
0.0183361210
0.0686624646
0.0394694768
0.0056736134
0.0150606632
0.1015088037
0.0821853504
0.0256082807
0.0196509399
0.0681813657
0.0281010177
0.2650930882
0.1696808189
0.0330524631
0.0441099517
0.0601841696
0.0294093601
0.0235199258
0.0707012415
0.0334420018
0.0048084930
0.0947702974
0.0332847275
0.0149280932
0.0462721884
0.0488490723
0.0054149423
0.0694913268
0.1178414673
0.0277373549
0.0481237285
0.0373702422
0.0243556611
0.0565256141
0.0648055747
0.0402278639
0.0419667326
0.0534338541
0.0887254626
0.0234460086
0.0471158251
0.0230953470
0.0330963135
0.0114713591
0.0074832160
0.0551108122
0.0317181051
0.0138001544
0.0416315682
0.3979882896
0.0312043615
0.2417138070
0.0342868045
0.0160727426
0.0168328676
0.0028572662
0.0262963586
0.0232794452
0.0908067748
0.1407464445
0.0826062709
0.0330672897
0.0533566438
0.0235673469
0.0326398313
0.0438254811
0.0270126499
0.0560830906
0.0086885560
0.0320101976
0.0332351476
0.0403640270
0.1850577593
0.0389323980
0.0095204124
0.0403377414
0.0510109104
0.0431619547
0.1096832603
0.0423917361
0.0065166252
0.0360297896
0.0456486270
0.0452716649
0.0191084296
0.0654101521
0.0073238183
0.0037798767
0.0470925830
0.0384083092
0.0567828231
0.0709109530
0.0217970405
0.0447768942
0.0366147533
0.0446858071
0.0267767981
0.0141817285
0.0327097066
0.0222883783
0.0256854575
0.0376723744
0.0411169082
0.0473731570
0.1010381952
0.0026072941
0.0055993930
0.0063861851
0.0304105449
0.0116467141
0.0485300645
0.0224486962
0.0417810269
0.0796539932
0.2841576636
0.0397057049
0.0262343958
0.0469910949
0.0739682540
0.0347014107
0.0435482264
0.0523057468
0.0434829481
0.1676068306
0.0218946934
0.0361407176
0.0498039871
0.0220612362
0.0805938318
0.0374483615
0.0151781049
0.0186077598
0.2087322026
0.0536811538
0.0536107942
0.1759856492
0.0552777611
0.0379037894
0.0448017344
0.0824065357
0.0423699133
0.0416257083
0.0494021438
0.0143324500
0.0220952816
0.0810121521
0.0502462424
0.0322253704
0.0356208794
0.5174142718
0.0115709640
0.0904211551
0.0307525080
0.0455191471
0.1084313020
0.0309893582
0.0612141453
0.0415829197
0.1037870273
0.0146588050
0.0632129833
0.0425397865
0.0166616719
0.0504122525
0.0470789559
0.0759106278
0.0463125668
0.1037029624
0.0640189424
0.0319329165
0.1381517649
0.0199575964
0.1552916467
0.0594198890
0.0520222783
0.0075545874
0.0043878471
0.0176770650
0.0384608842
0.0404598266
0.2445068657
0.0143115604
0.1952392757
0.0467876196
0.0385795981
0.0245654006
0.0406931564
0.1519376487
0.0420282930
0.0312015414
0.0047458280
0.0048536640
0.0394038334
0.0343735069
0.0586726367
0.0417482629
0.0379683860
0.0593452640
0.1485927552
0.0614174828
0.0257513113
0.0198466238
0.1295736134
0.0877146944
0.0613852218
0.0815969110
0.0253981818
0.0317441970
0.0494568124
0.0480854847
0.0462991521
0.0160871819
0.0000054221
0.0915040150
0.0457140468
0.0428148657
0.0743885040
0.1689559072
0.1433745027
0.0123751154
0.0307061803
0.0337375253
0.0485295691
0.1649808586
0.0366103798
0.0727545619
0.0155021856
0.0216798503
0.0252694022
0.0648837164
0.0499700680
0.0329753272
0.0657529756
0.1715021729
0.0089496961
0.0344813094
0.0277604815
0.0268586911
0.0108292261
0.0557628796
0.0294625722
0.0152460942
0.0381519571
0.0415905565
0.0090506058
0.0407232940
0.0819500759
0.0341187678
0.0412628874
0.0251551233
0.0479620993
0.0302106254
0.1158739552
0.0272093657
0.0765131861
0.0272095911
0.0455324203
0.0082241567
0.0023813059
0.0299538821
0.0171065591
0.0246801749
0.0265965201
0.0305164549
0.0266324691
0.0300659500
0.0015473822
0.0360350534
0.0125426287
0.0211528838
0.0594832785
0.0301768631
0.0199964195
0.0394224785
0.0868353844
0.0590513088
0.0216077622
0.1552184224
0.0505765267
0.0179986246
0.0163303744
0.0273505040
0.0364463292
0.1488260776
0.0493556969
0.0110094165
0.0030483175
0.0389666073
0.0146999247
0.0225661099
0.0494409390
0.0135196215
0.0163693707
0.0339421295
0.0701851994
0.0362387113
0.0406936519
0.0005022307
0.0062488262
0.0154807670
0.0037989502
0.0608652048
0.0209897254
0.0259178113
0.0325502679
0.0751415193
0.0935961157
0.0441223271
0.0097952057
0.0618227981
0.0424818024
0.0822810754
0.0391042009
0.0008113442
0.0319524705
0.0308957268
0.0139657203
0.0985559821
0.0277338196
0.0535362661
0.0737921596
0.0427633859
0.0554316565
0.1259318739
0.0448477939
0.0462200120
0.0133090513
0.0131514864
0.0210850779
0.0792862251
0.1092479378
0.0747683570
0.0768193826
0.0356656574
0.0071744458
0.0658574179
0.1703085005
0.0063873073
0.0491313264
0.0697122961
0.0382963009
0.0503628887
0.0509130135
0.0707523152
0.0825294107
0.0847192258
0.0354161300
0.0793441162
0.0127435206
0.0548923239
0.1060232595
0.0333513245
0.0678258389
0.0291360617
0.0715898648
0.0126446206
0.0594956726
0.0393251218
0.0303277560
0.0202944856
0.0496209785
0.0108081093
0.0336989947
0.0317502953
0.0303655472
0.0527348481
0.0610685013
0.0476962104
0.0361221842
0.0354668647
0.0312873907
0.0387229435
0.0177821405
0.0346719846
0.0163146630
0.0410186984
0.0194079280
0.0401288457
0.0202182680
0.0259518176
0.0221912209
0.0461053699
0.0025994331
0.1205792129
0.0689451098
0.0208654981
0.0240578018
0.0049430230
0.0198450759
0.0377439372
0.0283318087
0.1415304095
0.0194185451
0.0859861374
0.0321301632
0.0453233160
0.0271695033
0.0211966839
0.0021209810
0.0204872880
0.0193984620
0.0419052616
0.0371272974
0.0532374568
0.0665927678
0.0219253227
0.0387182944
0.0259509869
0.1199924126
0.0265488736
0.0503132790
0.0308511853
0.0361483507
0.0284192227
0.0097076055
0.0384880751
0.0364013091
0.0450349413
0.1119217202
0.0411083065
0.0453243256
0.0201504733
0.0405937918
0.0656201988
0.0412072726
0.0166868716
0.0747258961
0.0272708908
0.0461984016
0.2165337652
0.0397977196
0.0311467163
0.0714956373
0.0264896974
0.0662672669
0.0009891117
0.0590949729
0.0415276326
0.0340553559
0.1160630956
0.0549425893
0.0459217839
0.0146442587
0.0123170521
0.0396226086
0.0609484129
0.0510046668
0.0701182932
0.0181048196
0.0242785774
0.0614333414
0.0349694267
0.0243604090
0.0657622516
0.0794181824
0.0417502671
0.0192720070
0.0320493802
0.0326720402
0.1192868352
0.0238166247
0.0042841579
0.0427997559
0.0265139900
0.0611178800
0.0338088199
0.0929849446
0.1980169713
0.0314129777
0.0169333909
0.0239178408
0.0583903901
0.0445983298
0.0690393522
0.0466211475
0.0492100120
0.0523101650
0.0566123873
0.0162907746
0.1093221158
0.0312984549
0.0360140912
0.0258760881
0.0042782528
0.1040923148
0.0284715388
0.0062610433
0.0079145739
0.0145905009
0.0612497218
0.3680259287
0.0178866535
0.0207465999
0.0247776993
0.0547052138
0.0242882408
0.0158685334
0.0465114452
0.0727297291
0.3066584766
0.0408689231
0.0430294387
0.0319612771
0.0087413592
0.0054908576
0.0979776457
0.0967030674
0.0807549506
0.0323710404
0.0861238539
0.1040375531
0.1276263893
0.0561942346
0.0960939527
0.0971922055
0.0286672786
0.0284736883
0.0077916393
0.0401520021
0.0472883582
0.0208659619
0.0617497079
0.0182326995
0.0372077376
0.0234540235
0.0317561738
0.0335743800
0.0348513201
0.0260503273
0.0615457594
0.0556404665
0.0166870672
0.0691431537
0.0322654620
0.0315808952
0.1895694584
0.0317074321
0.0329746865
0.0340782329
0.0007193123
0.0316916369
0.0680881888
0.0081010144
0.0589800440
0.0215587169
0.0450823419
0.0422735102
0.0208093524
0.0573290214
0.0007000230
0.1181133166
0.0357975774
0.0153884087
0.0146957189
0.0335466638
0.0309608690
0.0314028934
0.0157888364
0.0294188075
0.0308530796
0.0245084409
0.0366571955
0.0245078355
0.0797043070
0.0571686141
0.0324036591
0.0188540239
0.0028575950
0.0323086455
0.0474820435
0.0847793519
0.0644267574
0.0462379940
0.0884415582
0.0415293798
0.0252355468
0.0724825040
0.0472419113
0.0302974340
0.0451285727
0.0275449734
0.0387629792
0.0592506453
0.0065123909
0.0447520800
0.0357584096
0.0812553540
0.0552635416
0.0596703105
0.0742706135
0.0277031511
0.0212952551
0.0518295169
0.0564421043
0.0368398316
0.0302184653
0.0035386360
0.0268005487
0.2419239432
0.0296861567
0.1641458869
0.0273349304
0.0267508160
0.0572045185
0.0855408162
0.0362757817
0.4436551332
0.0167236924
0.0506602935
0.1680965871
0.0319493935
0.0379737355
0.0335554779
0.0464393087
0.0362280570
0.0607460812
0.0319881365
0.0489815287
0.0732610896
0.0160588883
0.0341819711
0.1135470122
0.0466674343
0.0068589142
0.0464161932
0.0563773885
0.0116720339
0.1299116760
0.0490201712
0.0318080783
0.0320221372
0.0559359491
0.0173073113
0.0566714257
0.5986239314
0.0432040021
0.0024394512
0.0321094543
0.0754769817
0.0584643967
0.0441261865
0.0256895982
0.0575399213
0.0391971506
0.0289008487
0.0274531860
0.2706691027
0.0316498354
0.0248069260
0.0282376446
0.0273013171
0.0446089022
0.0341290906
0.1023074538
0.0349012390
0.0137414290
0.0416273922
0.0207464062
0.0160804596
0.0185427237
0.0236742850
0.0243407991
0.0008067987
0.0139913531
0.0647436008
0.0031984048
0.0054858602
0.0396259986
0.0431176648
0.0371274687
0.0013524139
0.0868579075
0.0151977101
0.0147197517
0.2298340499
0.0428028218
0.1715227813
0.0476154238
0.0751804486
0.0487791412
0.0196350981
0.0374867544
0.0258151311
0.0318101868
0.0616287366
0.0274436213
0.0711631626
0.0214927923
0.0233927015
0.0029084797
0.0023773827
0.0314137600
0.0378034078
0.0845780149
0.0357419252
0.0258427449
0.0500798672
0.1198541597
0.0173269976
0.1493161619
0.0927695334
0.0598799363
0.0042848843
0.0420758016
0.0131618073
0.0175754912
0.0404292941
0.1676316261
0.0358674340
0.0746120363
0.0501365438
0.0061333845
0.0570525937
0.0226342883
0.0386851281
0.0158381648
0.0557016321
0.0530036576
0.0295645390
0.0196449049
0.0537488498
0.0444217511
0.0533715785
0.0180672128
0.0259405691
0.0244922061
0.1492432058
0.0189679731
0.0159261543
0.0500633381
0.0700074285
0.0552227274
0.0510022826
0.0106997378
0.0749926567
0.0399341770
0.0415174626
0.1861488372
0.0016729756
0.0443017073
0.0380860083
0.0568703339
0.0546582937
0.0735661238
0.0593302473
0.0477967039
0.0271063671
0.0262589585
0.0513132215
0.0230325516
0.0378674380
0.0396693200
0.0019732493
0.0522694513
0.0230705012
0.0103658773
0.0203177165
0.0281629767
0.0346978940
0.0658682883
0.0246596299
0.0070555024
0.0456502773
0.0561685339
0.0294655021
0.0260720830
0.0177761614
0.0462451428
0.0163356308
0.0404046774
0.0464759357
0.0232689884
0.0096128155
0.0137213767
0.0631870255
0.0545015931
0.0248282589
0.0157818720
0.0017198634
0.0148007171
0.0125805819
0.0145237120
0.2017684728
0.0715690777
0.0326072052
0.0287018325
0.0555128977
0.0313891619
0.0096984599
0.0897583440
0.0371886455
0.0425101779
0.0277474839
0.0106290625
0.0023817760
0.0474099442
0.0278475881
0.0639311969
0.0765087157
0.0445195325
0.0250018034
0.0342476666
0.0236354191
0.0406436324
0.0360393189
0.0520050302
0.0328126810
0.0411242321
0.0565198921
0.0384516753
0.0218741205
0.0139713818
0.0249960087
0.0258727651
0.0376776569
0.0219249595
0.0500059053
0.0635718331
0.0558901429
0.0614101887
0.0305058602
0.0129717719
0.0019801436
0.0220837202
0.0235130452
0.0229759291
0.1930863410
0.0023146404
0.0113762710
0.0413855799
0.0091100549
0.0186063927
0.0428177528
0.0453802422
0.0199842453
0.0377086811
0.0299628172
0.0334954150
0.0349331088
0.0316442624
0.0787092373
0.0432020053
0.0187045150
0.0242742971
0.0209384132
0.0201925486
0.1165987179
0.0171630457
0.0319076627
0.0074695474
0.0009057538
0.0318501256
0.0317969434
0.0503643416
0.0006913787
0.0440857671
0.0305212829
0.0314465873
0.0213011242
0.0291104335
0.0324475504
0.0770923868
0.0037013877
0.0211959239
0.0367008783
0.0334757529
0.0919597968
0.0385717340
0.0510064363
0.0119874831
0.0363368206
0.0465748645
0.0885817558
0.0196127277
0.0844229013
0.0353809930
0.1209388673
0.0587802343
0.0581228659
0.0287732221
0.0336882696
0.0415380932
0.0167946219
0.0541025661
0.0142088076
0.0653786883
0.0620789751
0.0231274795
0.0466564111
0.2131589502
0.0764703825
0.0416962095
0.0437385812
0.0301319063
0.0597305633
0.0036876968
0.0415802002
0.0130653540
0.0334211104
0.0270494241
0.0767586678
0.0310180169
0.0396273434
0.0090403473
0.0168609675
0.0261656046
0.0630495846
0.0335978270
0.0602455027
0.0479394123
0.0557456091
0.0649626777
0.0212762523
0.0220861826
0.0511275381
0.0382894315
0.0127215991
0.1633167267
0.0497673452
0.0332621187
0.0185532197
0.0342967734
0.0208463930
0.0348123387
0.0837019235
0.0203135014
0.0304001756
0.0583989806
0.0365856290
0.0608332828
0.0222674981
0.1743144393
0.0453827381
0.0548543260
0.0351675637
0.0188411232
0.0292910393
0.0000692622
0.0734068453
0.0604848415
0.0183420014
0.0235287175
0.0012202749
0.0202956963
0.1021059602
0.0455763899
0.0704243556
0.2381828427
0.0196563043
0.0340107046
0.0263115112
0.0203670543
0.0290432721
0.0495316461
0.0576580651
0.0841504112
0.0262298100
0.0108457673
0.0427591801
0.0191103332
0.0918663368
0.0479086824
0.0326786414
0.0278650261
0.0257139225
0.0292951092
0.0335472636
0.1493919790
0.0371037796
0.0487202741
0.0520260856
0.1121976152
0.0094119133
0.1775633842
0.0339432694
0.0254941024
0.0230653994
0.0619145706
0.1422108859
0.0776568726
0.0483042635
0.0253966916
0.0330529585
0.0733012259
0.0578556657
0.0859935656
0.0033846982
0.0564005263
0.0182951819
0.0393048003
0.0561002344
0.0306964722
0.0646887794
0.0905631483
0.0503600985
0.0325609520
0.0318105705
0.0076314667
0.0183078963
0.0225802325
0.0507212281
0.0260027945
0.0328622796
0.0530462041
0.0662684143
0.0415713936
0.0224954300
0.0013033301
0.1286277473
0.0295373425
0.0729089901
0.0247986540
0.0144718327
0.0219302159
0.0565707386
0.0472412705
0.0239237752
0.0496463589
0.0324573554
0.0279194321
0.0196266379
0.0615912490
0.0435680524
0.1551241726
0.0366510414
0.0356457122
0.0979866013
0.0573816262
0.0713855773
0.0058645071
0.0355767012
0.0242961235
0.0070364065
0.0372753777
0.0388068445
0.0271616913
0.0419160724
0.0416271426
0.0102250641
0.0125364829
0.0429020189
0.0680636615
0.0270926263
0.0016299868
0.0208810717
0.1429221928
0.0495289303
0.0147861792
0.0324607417
0.0503454916
0.0357063040
0.0124531602
0.0198843759
0.0519333556
0.0271080136
0.0346176177
0.0326298848
0.0297778472
0.0263044052
0.0541461408
0.0133478930
0.0252540782
0.0630201623
0.0780413598
0.0082643647
0.0257018842
0.1396969110
0.0192338955
0.0446335636
0.1485398114
0.0562226288
0.0396465287
0.2411823571
0.0435358584
0.0467048995
0.0322144516
0.0427124798
0.0496355072
0.0181792267
0.0419612899
0.0527402535
0.0110847140
0.0238452554
0.0368554927
0.0393638574
0.0317255519
0.0246194247
0.0274174381
0.0248942953
0.0446845666
0.0645913258
0.0317424834
0.0330624282
0.0299914517
0.0245176759
0.0408833288
0.4387880564
0.0626257733
0.0472462028
0.0252526887
0.0960979313
0.0349678993
0.0053826962
0.0231103040
0.0444348305
0.0264065657
0.1029831246
0.0244623348
0.0109770149
0.0296014976
0.0371487290
0.0041912058
0.0594630800
0.0594521314
0.0596020482
0.0153894620
0.0398212261
0.0394849516
0.0295508765
0.0293800570
0.0188510120
0.0045281220
0.0261012670
0.0769272223
0.0004279271
0.0241832864
0.0484029390
0.0705219731
0.0355468877
0.0620061904
0.0610019974
0.0567352138
0.0776275694
0.1099571735
0.0431659929
0.0669792593
0.0568921529
0.0208685808
0.0549689010
0.0452027172
0.0158451684
0.0287199169
0.0210706592
0.0047835433
0.0363295414
0.0423479266
0.0203909203
0.0371326320
0.0023504773
0.0229447056
0.0350931436
0.0323951952
0.0469692498
0.0065144585
0.0157966558
0.0220435634
0.0771217495
0.0286126677
0.0375304371
0.0700041354
0.1022263467
0.0455481485
0.0804857537
0.0750363767
0.0258593634
0.0081588067
0.0362410210
0.0047421581
0.0194565989
0.0390954390
0.0190203805
0.0049744491
0.1121800169
0.0355539136
0.2735670209
0.0235964749
0.0235447213
0.0174872931
0.0337871313
0.0264335740
0.0138230156
0.0447190404
0.0549316630
0.0276950933
0.0357000679
0.0232809391
0.0482147373
0.0707658902
0.0434895530
0.0348126404
0.0059798532
0.0153707592
0.0178709887
0.0262403656
0.0117096892
0.0267036427
0.0204956327
0.0517653227
0.0574864447
0.0479697622
0.0068216478
0.0292524509
0.0928048790
0.0272305887
0.0332084596
0.0350919217
0.0202251561
0.0276867487
0.0593378767
0.0175433531
0.0330675170
0.0239001457
0.0324791372
0.0390310995
0.0354110561
0.0348423570
0.0206809640
0.0841218531
0.2553116381
0.0099586602
0.0061750347
0.0703072771
0.0330026150
0.0393437892
0.0385524295
0.0259874072
0.0370742306
0.0659270361
0.0277425945
0.0087422431
0.0774786398
0.0058765118
0.0277383178
0.0310274754
0.0292954464
0.0591577180
0.0422802791
0.0066351360
0.0248402804
0.0143619776
0.0100567266
0.0612885579
0.0286566336
0.0532847010
0.0308077894
0.0412989967
0.0276193898
0.0151181361
0.0250277948
0.0605331175
0.0044952780
0.0446905382
0.0760961622
0.0295874588
0.0426512584
0.0304056667
0.0000299036
0.0630055368
0.0224322118
0.0667637810
0.0572733581
0.0243631620
0.0294460505
0.0332438387
0.0036336503
0.0536358692
0.0024422037
0.0295881201
0.0672261193
0.0565964244
0.0375629589
0.0348581560
0.7080371976
0.0230762307
0.0407367311
0.0156728625
0.0991739258
0.0219828431
0.0504747555
0.0353264511
0.0207115561
0.0225532074
0.0168858692
0.0029442192
0.0621958934
0.0169377886
0.0045006420
0.0534698032
0.0085799107
0.0192964505
0.0842634887
0.0238062367
0.0424006730
0.0386768356
0.0263892040
0.0238915812
0.0077344440
0.0346341729
0.0057619698
0.0212430339
0.0134393210
0.1490993351
0.0459067523
0.0211632550
0.0459957831
0.0378288813
0.0323708393
0.0029601480
0.0295929741
0.0205744598
0.0104322750
0.0293196756
0.0423152670
0.0012085030
0.0315737240
0.0084215384
0.0177957695
0.0521666296
0.0685026571
0.0271790437
0.0176007282
0.0285589304
0.0878126174
0.0769229829
0.0452425964
0.0354165286
0.0122365830
0.0745221749
0.0493781529
0.0387547091
0.0387113132
0.0169306286
0.0253225844
0.0886992142
0.0442408025
0.0193477087
0.0420081988
0.0006776251
0.0000000003
0.0098864865
0.0001097635
0.0188575927
0.0262959730
0.0541272648
0.0368414037
0.0104666073
0.0336713977
0.1199166328
0.0331141576
0.0033844390
0.0064831786
0.0423826128
0.0284544639
0.0425464362
0.0242490433
0.0040799570
0.0421444923
0.0063121598
0.0306810699
0.0120952344
0.0304930788
0.0208030622
0.0217969455
0.1286050826
0.0361027792
0.0753197446
0.0429776199
0.0114462646
0.0508388691
0.0157698784
0.0025604386
0.0456904434
0.0118841454
0.0762970820
0.0038430972
0.0153570259
0.0203134269
0.0202184916
0.0385092050
0.0662175044
0.0275427271
0.0268908609
0.0000101192
0.0328177139
0.0322257839
0.0163739920
0.0628612638
0.0325864814
0.0380289219
0.0331553295
0.0260371808
0.0102364924
0.0293559562
0.0139126591
0.0174501445
0.0208745655
0.0567299314
0.0333569273
0.0266199261
0.0500977710
0.0474132001
0.0280518588
0.0434870645
0.1135056168
0.0379448645
0.0354084820
0.0371697657
0.0307229497
0.0062723365
0.0241502430
0.0208462849
0.0385301150
0.0237121414
0.0090186084
0.1448768675
0.0432434455
0.0324111022
0.0133526279
0.0322928987
0.0246438831
0.0298905652
0.0124751925
0.0390843526
0.1653666943
0.0373369232
0.0235897657
0.0259023234
0.0924441144
0.0441784970
0.0387928113
0.0203791503
0.0369397104
0.0968602076
0.0478342138
0.0574662201
0.0319057405
0.0565091446
0.0374244601
0.0260831527
0.0696134344
0.0498892143
0.0338654555
0.0091360724
0.0153388437
0.0414101109
0.0243365001
0.0301063564
0.0446230732
0.0265641212
0.0387943089
0.0145823518
0.0421466269
0.0637731478
0.0277578738
0.0144473091
0.0296712983
0.0234787185
0.1082743481
0.0160443392
0.0063622105
0.0901274979
0.0422412790
0.0202260427
0.0207759887
0.0324323662
0.0549215563
0.0053160945
0.0301484428
0.0391157158
0.0508824922
0.2806927264
0.0043009683
0.0308744609
0.0441695005
0.0033669739
0.0677421540
0.0035918597
0.0210109111
0.2068331689
0.0301482100
0.0287630185
0.0733617023
0.0238990933
0.0249281898
0.0388575941
0.0427471213
0.0310444981
0.0062949234
0.0272485986
0.0882023349
0.0131857609
0.0343804881
0.0281149577
0.0895318836
0.0444105715
0.0291443542
0.0551373959
0.0630392954
0.0358741544
0.0155233983
0.0663509294
0.0334593244
0.0338957608
0.0588634461
0.0002743610
0.0029804050
0.0681012943
0.0352908969
0.0298048258
0.0271720104
0.0226313472
0.0147219095
0.1490169764
0.0152480565
0.0399431176
0.0189749878
0.0679226369
0.0308439471
0.0464607999
0.0522584468
0.0395321250
0.0374504440
0.0295859296
0.0035126465
0.0616084673
0.0105910450
0.0357892439
0.0391542017
0.0100578172
0.0535980090
0.0689582452
0.0428891852
0.0424749814
0.0692581460
0.0528636239
0.0208037030
0.0574480407
0.0233202372
0.0318337306
0.0242444873
0.0328475200
0.0283178650
0.0324044041
0.0090487832
0.0373212434
0.0994480923
0.0750995576
0.0404677726
0.0432468317
0.0046832804
0.0244015530
0.0369427875
0.0225662254
0.0478645191
0.0193927009
0.0407846794
0.0313036814
0.0358240195
0.0276298877
0.0658155382
0.0385422520
0.0207827128
0.1311713159
0.0675613359
0.0404796414
0.0335926712
0.0348085053
0.0340874158
0.0386656858
0.0256095417
0.0781577080
0.0150667671
0.0039697103
0.0770561248
0.0045111221
0.0205872320
0.0366219692
0.0288623665
0.0178723019
0.0550832041
0.0797039792
0.0198062416
0.0513438322
0.0304314513
0.0268175565
0.0140939541
0.0240971744
0.0259207934
0.0370811634
0.0276538022
0.0269977562
0.0459839217
0.0298397839
0.0290254354
0.0595881566
0.0418661311
0.0240351353
0.0330579430
0.0174392834
0.0538605414
0.0300983619
0.0428734533
0.0488648787
0.0154806720
0.0240797605
0.0154593131
0.1449181437
0.0079608923
0.0334840491
0.1872196645
0.0269857757
0.0177790672
0.0406658873
0.0619283915
0.0278351363
0.0774436742
0.0451400913
0.0080868769
0.0367764346
0.0210736375
0.0364523493
0.0003002108
0.0407495871
0.0195156951
0.0261144452
0.0378518254
0.0786117613
0.0452457480
0.0027400490
0.0303282235
0.0722884908
0.0473557189
0.0443025790
0.0219602752
0.0058023422
0.0032191195
0.0050439690
0.0149806533
0.0189172346
0.0273472946
0.0670750812
0.0183377434
0.0276129916
0.0160281546
0.0282634851
0.0073576723
0.0966917202
0.0754078776
0.0157238804
0.0195082538
0.0366766676
0.0354644582
0.0283506289
0.0315352045
0.0311595108
0.0275890119
0.0297879949
0.0120400172
0.0263731666
0.2282111198
0.0239055641
0.0354805142
0.1591841877
0.1074768305
0.0146220177
0.2379966229
0.0413494259
0.0236586481
0.0728254765
0.1049627960
0.0185183045
0.0758375376
0.0062182331
0.0568663850
0.2127135247
0.0420596302
0.0418107249
0.0297184121
0.0286964756
0.0541509949
0.0558588281
0.0216355007
0.0432536490
0.0368312038
0.0422677211
0.0034779350
0.0581532046
0.0511784181
0.0198254790
0.0032812762
0.0344506539
0.0639044344
0.0173873529
0.0643717721
0.0509619713
0.0251958258
0.0766753778
0.0425515585
0.0437647179
0.0579577051
0.0234309901
0.0282764919
0.0390833132
0.0488810614
0.0069353236
0.0341701172
0.0180498362
0.0250164066
0.0130724888
0.0315145031
0.0397815146
0.0085424287
0.0825122371
0.0386507511
0.0065398971
0.0882514492
0.0295791365
0.0454914458
0.0880871639
0.0358150266
0.0573049337
0.0356877148
0.0230832677
0.0530680530
0.0460188501
0.0712001622
0.0219025202
0.0931009203
0.0139765330
0.0345151238
0.0187401865
0.0183027722
0.0273400024
0.0275852829
0.0285228640
0.0338397548
0.0515036769
0.0386714377
0.0394104943
0.0369275063
0.0498324223
0.0343468189
0.0631826743
0.0129465079
0.0224384964
0.0237086695
0.0333638936
0.0802639425
0.0047105136
0.0548235588
0.0443939827
0.0401719846
0.0196904503
0.0169298351
0.0343653038
0.0801467299
0.0409293137
0.0060184333
0.0461984575
0.0342747346
0.0173345506
0.0605469756
0.0346972868
0.0194990523
0.0388679951
0.2492024750
0.0197294354
0.0385003425
0.0300226510
0.0224923398
0.0022454485
0.0729841441
0.0016269238
0.0912735835
0.0569165200
0.0398774520
0.0450049788
0.0259714965
0.0466822535
0.0293254852
0.0519508719
0.0298870113
0.0434984118
0.1092888489
0.0021409316
0.0310637131
0.0436552316
0.0334763601
0.0479491316
0.1015393436
0.0713622198
0.0399933346
0.0426035225
0.0208068788
0.1793507636
0.0087966863
0.0241468661
0.0241463277
0.0304480568
0.0563847981
0.0503968261
0.0636544749
0.0165546518
0.0502077453
0.0325489901
0.0182568543
0.0359872840
0.0308110919
0.0174584277
0.0043760538
0.0701097250
0.1849461496
0.0283729266
0.1893016696
0.0198013168
0.0471126735
0.0049473802
0.0327077731
0.0524609834
0.0136055397
0.0681305379
0.2223974317
0.0388734713
0.0305935405
0.0389276594
0.0215923581
0.0332938954
0.0183920376
0.0437825695
0.0336100198
0.0099883080
0.0387664251
0.0180012211
0.0177433118
0.0314367935
0.0449192151
0.0800030455
0.0436812267
0.0405995399
0.0450905859
0.2635014355
0.0565194227
0.0275042970
0.0060758921
0.1581928432
0.0880632550
0.2512040436
0.0262325928
0.1267418116
0.0610983521
0.0237892456
0.0421541668
0.0433279723
0.0191625096
0.0682975054
0.0447313339
0.0340679064
0.0321933627
0.0888152942
0.0845120624
0.0607683770
0.0303052031
0.1058572605
0.0163365491
0.0744771287
0.0416500345
0.0299934614
0.0160881877
0.0453391597
0.0071736854
0.1078936979
0.0374113396
0.1240806133
0.0470859259
0.2155304253
0.0374057479
0.2041842937
0.0563551672
0.0483745933
0.0353861116
0.0417960733
0.0254395343
0.0251993909
0.0421767011
0.0187367629
0.0596381575
0.0276848879
0.0519958921
0.0016492215
0.0845223367
0.0513486639
0.0436230563
0.0364479981
0.0681785643
0.0514563508
0.0259484984
0.0425339118
0.0487303548
0.0838429257
0.0225806702
0.0142749948
0.0818679407
0.0236197449
0.0622733869
0.0571806431
0.1208769903
0.0382479951
0.0040020091
0.0357166976
0.0154026179
0.0433538444
0.2219549567
0.0658683330
0.0359203480
0.0309533365
0.0122987870
0.0252545886
0.0241238419
0.0545419045
0.0413028449
0.0331542790
0.0427486189
0.0600573160
0.0582967252
0.0169956218
0.0732051954
0.0254693925
0.0880336687
0.0184619930
0.0770282522
0.0135963969
0.0121895559
0.0905187353
0.0083372677
0.0463966317
0.0160076376
0.0405118056
0.0653326288
0.0554434247
0.0604677163
0.0433736704
0.0361920781
0.0854766592
0.0839707628
0.0266082995
0.0025855741
0.0070005129
0.0329554491
0.0546697006
0.0307454895
0.0422402695
0.0532932431
0.0238040220
0.0345346928
0.0540062301
0.0268560667
0.0489542261
0.0271281805
0.0217672922
0.0137353158
0.0158268493
0.1684406102
0.1659921110
0.0286354944
0.0205130633
0.0274244230
0.0323558636
0.0471970737
0.0320762023
0.0033967188
0.0654837638
0.1591982394
0.0656467825
0.0272158030
0.0166780092
0.0063072271
0.0300782379
0.0266480651
0.0049940296
0.0118437195
0.0384373404
0.0220481902
0.0067685293
0.1284655482
0.0188690815
0.0496172830
0.0211349111
0.0038925298
0.0516487807
0.0048492095
0.0237609800
0.0583398901
0.0425351709
0.0399105176
0.0087961247
0.0281770099
0.0181642883
0.0270624645
0.0039024055
0.0405380689
0.0527255535
0.0399774648
0.0195581447
0.0460641980
0.0454436727
0.0313696228
0.0157524068
0.0314835422
0.0042636301
0.0630951524
0.0059549659
0.0267894845
0.0363443792
0.0543904528
0.0006779236
0.0179967377
0.0246861558
0.0166143868
0.0047409139
0.0100063123
0.1585617959
0.0883079991
0.0204306878
0.0051140515
0.0068937172
0.0328268334
0.0114958370
0.0381409600
0.0577824488
0.0956413820
0.2673880160
0.0835304409
0.0460708626
0.0662248358
0.1176620275
0.0028412098
0.0513979867
0.0429756008
0.0558787584
0.0283272862
0.0291399974
0.0230870098
0.0506128483
0.0132003734
0.0508275554
0.0001001035
0.0522245169
0.0460544825
0.0082109943
0.0281354003
0.0533330739
0.0312131327
0.0562532581
0.0247407164
0.0343803465
0.0286065303
0.1938710511
0.0418726839
0.0238139238
0.0680845603
0.1857704669
0.0194271002
0.0285982713
0.0091588413
0.0318575092
0.0294261128
0.1521424651
0.0415925458
0.2169028372
0.0167207289
0.0494226329
0.0368853547
0.0847794712
0.0354432128
0.0142976306
0.0332521610
0.0117078628
0.0797483772
0.0485474840
0.0058828057
0.0468456261
0.0501400046
0.0296696704
0.0222932678
0.0250749849
0.0077875811
0.0283798929
0.0118259741
0.0416323766
0.0301086698
0.0305535048
0.0199084952
0.0864067227
0.0261991359
0.0316322334
0.0133125084
0.0328443088
0.0794107094
0.0291031692
0.0040845382
0.0305767413
0.0550718009
0.0321832784
0.0097911311
0.0158822853
0.0490866229
0.0482297465
0.0103017837
0.1365249753
0.0242301021
0.0507136732
0.0238564722
0.0354309231
0.0960838795
0.0092806099
0.0693345666
0.0281437319
0.0471487306
0.0246715434
0.0146870511
0.0390100740
0.0200520232
0.0341243446
0.0019714322
0.0301154945
0.0258867852
0.0986733288
0.0448613763
0.0306944158
0.0328591391
0.0210223664
0.0317030028
0.0846328214
0.0766412914
0.0459487401
0.0384374224
0.0443289094
0.0292744432
0.0164978281
0.0404816307
0.0653379261
0.0379341245
0.0335852727
0.0283806436
0.0158790275
0.0328354351
0.0179081261
0.0155667234
0.0316883922
0.0300451126
0.0581432395
0.0165965632
0.0421020128
0.0201590434
0.0207850076
0.0287156757
0.0892712101
0.0313057192
0.0490662195
0.0396375619
0.0604018159
0.0354879461
0.0230684560
0.0308383089
0.0179811902
0.0319076106
0.0294975843
0.0343327373
0.0192728285
0.0827336684
0.0136061395
0.0584999286
0.0282769520
0.0383914597
0.0450195074
0.0008803018
0.1531516165
0.0568494536
0.0048526390
0.0035299016
0.0415960439
0.0270030126
0.0409307741
0.0197392087
0.0177920777
0.0016721013
0.0222262777
0.0658500642
0.0531588122
0.0388508365
0.0340710282
0.0440430082
0.0743502900
0.1265792400
0.0282656401
0.0130546782
0.0846537277
0.0373614542
0.0346510336
0.0208613630
0.0279491562
0.0291023552
0.0331267379
0.0251305569
0.0517357588
0.0369767658
0.0066898242
0.0047433423
0.0327074900
0.0115995156
0.0557955429
0.0584117249
0.0539681725
0.0296767503
0.1272091866
0.0182014089
0.0358585976
0.0494035520
0.0509996861
0.1466510892
0.0320824087
0.2373884767
0.1588676870
0.0230089016
0.0433355421
0.0158107542
0.0666067079
0.0258395206
0.0316282362
0.0619016103
0.0156741887
0.1280226856
0.0510623194
0.0028279137
0.0235268380
0.0188254602
0.0299174786
0.0547997914
0.0665477514
0.0162056610
0.0192707367
0.0221990813
0.0248977784
0.0385900587
0.0134523949
0.0156383421
0.0681517348
0.0041932939
0.0597421043
0.0496226661
0.0309599247
0.0238035526
0.0685951561
0.0152335707
0.0349339806
0.0405367389
0.0296798460
0.0442349948
0.0631072447
0.0072876937
0.0464608073
0.0393635184
0.0711971596
0.0261449609
0.0422583185
0.0520349890
0.1336513907
0.0140703209
0.0270225257
0.0406172425
0.0367699377
0.0275164023
0.0696990937
0.0248912442
0.0327095389
0.0087831933
0.0305785667
0.0337286107
0.0601878576
0.0352358893
0.0399312414
0.0233563930
0.0460716747
0.0600029901
0.0366398543
0.0396789089
0.0134077137
0.0623600110
0.0065900371
0.0422678143
0.0411843956
0.0323935673
0.0454929955
0.0475041196
0.0457263105
0.0156006711
0.0633487031
0.0295864940
0.0390647016
0.1149047315
0.0122805312
0.0356158130
0.0289713927
0.0326908529
0.0412134677
0.0219373461
0.0225076228
0.0253179185
0.0458369367
0.0027556482
0.0110867424
0.0450556166
0.0351609923
0.0425634496
0.0477861986
0.0586570874
0.0144870188
0.0268358327
0.0176562443
0.1087647453
0.0498470515
0.0835492238
0.0025953625
0.1187411174
0.0351609923
0.0287440550
0.0104662012
0.0383750573
0.0837863162
0.0417313464
0.0014366070
0.0120095061
0.0526713766
0.0152116334
0.0450255275
0.0452601500
0.0243263356
0.0556749217
0.0885958523
0.0329308473
0.0176827218
0.0465309620
0.0691740289
0.0132354191
0.0463896058
0.0304487981
0.0200696085
0.0048607192
0.0158596598
0.0333240107
0.0277997982
0.0414156020
0.0623335354
0.0523702912
0.0055290130
0.0202806406
0.0296094194
0.0637479275
0.0304654874
0.0338840112
0.0379981324
0.0200764257
0.0328055322
0.0277928263
0.0365555994
0.0945455432
0.0450428762
0.0128673147
0.0249889567
0.0272952504
0.0177678186
0.0177030917
0.0441927947
0.0458005257
0.0215597190
0.0016781314
0.0130428392
0.0113758752
0.0760976821
0.0582710877
0.0236139391
0.2923208773
0.1248562187
0.0337853096
0.0525049865
0.0359331630
0.0268336255
0.0293331277
0.0624348298
0.0194173828
0.0532118157
0.0051864986
0.0541567355
0.0397818498
0.0250562504
0.0258088596
0.0341354758
0.1528027207
0.0252814535
0.0208525546
0.1584072262
0.0463636667
0.0742937028
0.0682685748
0.0019220975
0.0677960142
0.0119349388
0.0619308054
0.0812176913
0.0387142710
0.0132997995
0.0102208955
0.0139209628
0.0273177251
0.0215185396
0.0328292586
0.0347573794
0.0620238297
0.0200388916
0.1020883396
0.0028148177
0.0778219700
0.0470507368
0.0079757990
0.0796316564
0.0406419970
0.0423595011
0.0019765480
0.0600142069
0.0271840785
0.0585877486
0.0467453748
0.0366791524
0.0129038878
0.0456299558
0.0203557685
0.0491037220
0.0154218664
0.0502693430
0.0391393341
0.1483407915
0.0232156198
0.0312287696
0.0688262135
0.0236323290
0.0391618423
0.0143478159
0.0344238095
0.0423315801
0.0314212553
0.0090118479
0.0368143842
0.0162949543
0.0398538262
0.0283426028
0.0321875401
0.0340633467
0.0253345091
0.0425488874
0.0774022415
0.0324981213
0.0057265260
0.0376337841
0.0098420931
0.0591463596
0.0018789958
0.0881504267
0.0094617605
0.0397635587
0.0615611225
0.0313567407
0.0887737051
0.0321516730
0.0194797497
0.0125314780
0.0579372272
0.0308360346
0.0254779253
0.0401608460
0.0544380769
0.0500649922
0.0810002610
0.0232013371
0.0349057540
0.0453410931
0.0082481457
0.0476497635
0.0237721987
0.0148805827
0.0219666101
0.0546516851
0.0353039429
0.2070856094
0.0434942134
0.0581600852
0.0412791297
0.0603375174
0.0461206213
0.0053348490
0.0214905851
0.0481206290
0.0191760883
0.0030338420
0.0723008513
0.0296720676
0.0312942564
0.0103131179
0.0250021946
0.0442086607
0.0361287966
0.0554916970
0.0034548265
0.0338368788
0.0330263153
0.0312985070
0.3424835801
0.0227863267
0.0205875318
0.0438354276
0.0414027311
0.0146513479
0.0182439964
0.0153297810
0.0354191437
0.0767451525
0.0686870962
0.0248133298
0.0115590263
0.0475968532
0.0302201714
0.0362379365
0.0258864108
0.0045247427
0.0277048983
0.0898433849
0.0106927538
0.0002444373
0.0054601133
0.0542630143
0.2256011963
0.0092117935
0.0161025804
0.0150201013
0.0140042054
0.0046498217
0.0329125933
0.0178429633
0.0231674574
0.0232705846
0.0433263220
0.0767049044
0.0341084413
0.0202524737
0.0457937010
0.0846770480
0.0377480984
0.0225662254
0.0163565371
0.0555632971
0.0292601697
0.0914756358
0.0607058480
0.0273834523
0.0365750194
0.0172526129
0.0056065051
0.0073757614
0.0297416840
0.0912309289
0.0290298164
0.1299390495
0.0656319857
0.1766477823
0.0360222235
0.0377741009
0.0045801299
0.0195455123
0.0318693817
0.0351359211
0.0116506713
0.2909060717
0.0441944785
0.0562969781
0.0393679291
0.0263145957
0.0205696747
0.0347396210
0.0270976536
0.1548869759
0.0468028188
0.0204764865
0.0442774668
0.0600267164
0.0337476917
0.0388400406
0.0372066610
0.0170002934
0.0444632247
0.0901002437
0.0087122936
0.1096961647
0.3319889009
0.0429519825
0.0427506119
0.0603886247
0.0422823876
0.0871967226
0.1370904893
0.0358246937
0.0113916248
0.0934433192
0.0306861736
0.0486207902
0.0457625575
0.0291382223
0.0076501309
0.0418025106
0.0315786637
0.0650432259
0.0351057127
0.0283872969
0.0088575929
0.1031331122
0.0459682681
0.0383064188
0.0038570855
0.0032154771
0.0017635697
0.0125417486
0.0294928029
0.0271811374
0.0477603264
0.0623194128
0.0401830375
0.0332888514
0.0196525827
0.0035733164
0.0910239145
0.0360782854
0.0237131771
0.0428530760
0.0276252870
0.0384798385
0.0049870512
0.0742480159
0.0562277175
0.0975776911
0.0104941810
0.0485510603
0.0303893704
0.0350373089
0.0171912126
0.0568277016
0.0474082008
0.0181986745
0.0234542526
0.0149523737
0.0167342741
0.0283491965
0.0335556455
0.0601623580
0.0167946052
0.0251322482
0.0238288380
0.0791730657
0.0195446890
0.0223691389
0.0125252539
0.0389876552
0.0807621554
0.0417844281
0.0325722434
0.0661375448
0.0385913588
0.0286746826
0.0468488000
0.0476827398
0.1216708422
0.0278055500
0.0112422276
0.0534597673
0.0229035188
0.0280334782
0.0478608795
0.0382582098
0.0377869681
0.0116517358
0.0515375808
0.0308696404
0.0606182255
0.0374666564
0.0675207749
0.0537672490
0.0476131961
0.0230617281
0.0091925208
0.0355226398
0.0548797809
0.0215339586
0.0496323369
0.0401943661
0.0540446267
0.0493102111
0.0431288294
0.0007023926
0.0224465616
0.0817020386
0.1728094816
0.0807783008
0.1448232532
0.0540030636
0.0332854837
0.0710384399
0.0819286108
0.0366908722
0.0125256311
0.0346677639
0.0337116681
0.0244152565
0.0234661270
0.0268371534
0.0158808324
0.0331303887
0.2796210051
0.0372326858
0.0180877727
0.0318994671
0.0182114895
0.0513754189
0.0314928219
0.0339489281
0.0060934229
0.0874478221
0.0378734544
0.0246908907
0.3504648805
0.0347654521
0.0424305461
0.0363681801
0.0112670138
0.0368819311
0.0293517597
0.0269431230
0.0342716947
0.0502445884
0.0316215605
0.0198065378
0.0341485888
0.0061944108
0.0250581428
0.0326506346
0.0199546684
0.0310264099
0.0910558403
0.0339538418
0.1353869289
0.0066368203
0.0771569982
0.1470043659
0.0245637558
0.0618710145
0.0234239269
0.0972164348
0.1152976900
0.1044735536
0.0215985030
0.0115348250
0.0587009564
0.0051102852
0.0323465653
0.0487492383
0.0781381801
0.0401941836
0.0386840031
0.0321732834
0.0554458350
0.0566774681
0.0325082727
0.0256906860
0.0286943968
0.0396993756
0.0462816469
0.0746015832
0.0156964809
0.0182361472
0.0177993383
0.0312783942
0.0376114212
0.0271975845
0.2262635231
0.0379492082
0.0252722260
0.0529898927
0.0391945578
0.0340594724
0.0294384751
0.0360767208
0.0305735804
0.0053866263
0.0275683701
0.2111849189
0.0304842852
0.0258203782
0.0262729339
0.0732946992
0.0425416119
0.0271273013
0.0183680858
0.0133819217
0.0423069485
0.0233791955
0.0278986860
0.0344915278
0.0201914497
0.0002263878
0.0191814974
0.0145490337
0.0143814161
0.0124833677
0.1826401502
0.0274691805
0.0513423346
0.0323058590
0.0702313930
0.0216215905
0.0234872326
0.0163234044
0.0821745917
0.2792609632
0.0084763011
0.0485142209
0.0206089057
0.0248708986
0.0379274525
0.1089795977
0.0278488696
0.0212382954
0.0086085582
0.0461418107
0.0662982836
0.0603130274
0.0458072685
0.1038002148
0.0242141485
0.0205053799
0.0218553543
0.0248459280
0.0243846104
0.0331205763
0.0410016328
0.0162499584
0.0518798381
0.0595195629
0.0233458560
0.0263329595
0.0410799421
0.0639937371
0.0412632637
0.0302537270
0.0881641060
0.0478537343
0.0366297774
0.0569494180
0.0275535993
0.0693583414
0.0439091101
0.0262017213
0.0085835047
0.0123331435
0.0058168839
0.2286411971
0.0294345971
0.0151015166
0.0311513245
0.0275391508
0.2694270313
0.0260150470
0.0243316889
0.0260212552
0.0650957227
0.0355794206
0.0546428338
0.0253307223
0.0281841811
0.0257252380
0.0224941131
0.0296351034
0.0412624218
0.0124519514
0.0877032056
0.0693407953
0.0296250694
0.0232289545
0.0394898914
0.0468243212
0.0288383123
0.1718577892
0.0539460443
0.0451921821
0.0199587345
0.0294482708
0.0058742869
0.0300655533
0.0129069919
0.0287933014
0.0215737689
0.0298075210
0.0155020477
0.0451808050
0.0392068513
0.0142510673
0.0141794840
0.0279102307
0.0244562645
0.0245626718
0.0415880606
0.0048954654
0.0549928993
0.0481596403
0.0068404661
0.0146362800
0.0279695541
0.0212272070
0.0351799503
0.0883188620
0.0566962473
0.0868593976
0.0895007327
0.1358713955
0.0470270626
0.0467613973
0.0199508909
0.0357933789
0.0561398640
0.0202778261
0.0279832110
0.0497497171
0.0428522155
0.0483278558
0.0145388041
0.0248612519
0.0091322316
0.0403738357
0.0626389012
0.0448876284
0.0295398012
0.0073906593
0.0227510817
0.0093900040
0.0094710700
0.0495892353
0.0017595439
0.0191734117
0.0224552471
0.0474682190
0.1338154227
0.0346833505
0.0225451943
0.0420876332
0.0425895005
0.0470271073
0.0292315390
0.0429177061
0.0542763285
0.0559321567
0.0483380109
0.0262025595
0.0179574359
0.0595719405
0.0389519744
0.0478781350
0.0374312811
0.0217270683
0.0010240732
0.0427014232
0.0209843684
0.0106027192
0.0544015691
0.0500939898
0.0215318743
0.0598322786
0.1958296746
0.0294091292
0.0119755780
0.0276838355
0.0318073109
0.0556156859
0.0393461138
0.0287721176
0.0189646948
0.1736462712
0.0146111166
0.0160323288
0.0318537951
0.0288213193
0.2644254267
0.0006611408
0.0091593601
0.0259899534
0.0358585492
0.0320516974
0.0686897412
0.0255150460
0.0688100755
0.0981337652
0.0526840873
0.0529273599
0.0401822105
0.0203579217
0.0520777218
0.1180041581
0.0397399776
0.0285352916
0.0322845206
0.0187079553
0.0420326740
0.0249170139
0.0372801311
0.0394658111
0.0150561212
0.0239855498
0.0043640574
0.0480275005
0.1544340849
0.0002222207
0.0120569766
0.0333906561
0.0019580193
0.0817899853
0.0546236709
0.0632821396
0.0524515919
0.0206535012
0.0345876664
0.0261142682
0.0807616413
0.0504214428
0.0461175554
0.0148077002
0.0416248031
0.0309632309
0.2981751859
0.0216225293
0.0485055335
0.0519713163
0.0328349508
0.0269010626
0.0336094722
0.0444993116
0.0028990365
0.0346247517
0.0215019602
0.0250988305
0.0536984503
0.0454427898
0.2919825017
0.0246879458
0.0026159387
0.0525325872
0.0332933553
0.0205549914
0.0828101039
0.0136966379
0.0177108888
0.0081938524
0.0154288169
0.0138649913
0.1577488333
0.0014055644
0.1058705822
0.0326489732
0.0458182208
0.0265815761
0.0435580350
0.0290643517
